0 507.94457409035647 -12.462573761868274
1 469.7140671288912 -12.723364729760686
2 544.6751991901976 -13.273480170704007
3 411.81937745444526 -10.474350264345976
4 493.51793498745405 -12.003462535319432
5 542.2478218027161 -13.4944151819486
6 500.18410509978514 -12.161946472746216
7 465.65779093303377 -11.561586960460165
8 523.502864327528 -12.467150227870663
9 449.8133370699249 -10.887406901516885
10 429.3391290496046 -10.64969163538154
11 449.50996267016853 -11.341629003206062
12 506.92786480642513 -13.237287844695357
13 510.05952360022525 -12.581663113596836
14 462.99267600306047 -11.474712097792294
15 447.40939244464636 -10.962811034792102
16 485.59388079902203 -11.469030027695457
17 446.6877865923509 -11.301019251539495
18 510.47045083256694 -12.776859315827053
19 490.27129872421716 -12.001752288749033
20 420.7914335475158 -10.869071090616933
21 467.5591197106651 -11.720023477356783
22 436.8009313674914 -10.714003897771594
23 476.76108006685973 -11.707436960602159
24 492.0481641050732 -11.937298362179584
25 505.62833924308006 -12.503954373149426
26 521.3393618390899 -12.770261981229666
27 482.2564415489925 -12.042846371253878
28 459.75474440544497 -10.823018384228389
29 466.43043595408466 -11.66056488283788
30 483.66484280679504 -11.83222978042546
31 485.1204158658892 -12.198002548040975
32 517.1073594547462 -12.360652645500581
33 549.9581524833612 -13.370733525290333
34 540.0870562208097 -12.767402789117678
35 488.49331746759697 -11.825572314738038
36 479.5797156260701 -11.779842930468838
37 458.5840813605029 -11.251832091346216
38 517.8231934614388 -12.296913603916424
39 420.92112936885604 -10.404806943367989
40 486.0444828475158 -11.719017685561962
41 513.9808393609508 -12.391708500699268
42 431.34881914480223 -10.411363244024814
43 521.8827752901484 -12.730406512264512
44 490.7324813761376 -12.104773752489564
45 465.87634774325477 -11.5914346858133
46 452.2774330181281 -11.22035328189018
47 432.3460339331345 -10.502337979221819
48 462.93310138235563 -11.312497143060279
49 514.6773721519066 -12.556662005656573
50 552.9520704745138 -13.392985932643594
51 526.517505606237 -12.77578721493077
52 465.0915460204658 -11.325051394006175
53 508.8000533584364 -12.5261506187484
54 514.8310916015591 -12.535642591814721
55 450.56637127584196 -11.232891411246104
56 544.991405311739 -12.939643064382714
57 470.3932991158337 -11.88541366991529
58 493.09232286143174 -12.008618747070436
59 500.9977631952848 -12.095910460574848
60 510.5258383273503 -12.303563562330325
61 505.6169090043218 -12.456248960159504
62 506.2143763032063 -12.643782446469588
63 555.3488531037826 -13.078559780679964
