0 625.2470310914063 -12.517914605127173
1 538.5438496401283 -13.211016916542182
2 792.2302052942996 -15.129175246381127
3 623.950244057432 -14.023828725209059
4 631.5846364658491 -12.950147596517104
5 661.1399886983114 -14.014486084944526
6 569.062096824581 -11.894574286679795
7 628.980369052683 -14.002406795153766
8 658.2088077002907 -13.918647943210143
9 618.2472588028226 -14.17003926870959
10 679.4469709399598 -14.77861734316799
11 601.2693757035056 -13.523034487908804
12 592.7165890395386 -13.056489084462958
13 730.4338543024346 -16.30403246909129
14 573.7672278183428 -12.560435152712541
15 637.4393046797311 -13.415238691344342
16 596.6535731571498 -12.499498795524092
17 546.2549498203026 -12.161894474426298
18 556.416601707255 -11.534523405835689
19 503.88468668858195 -10.788301544736145
20 567.7011057941545 -12.872328933665706
21 559.7534466995745 -12.33625205503536
22 660.859879899502 -14.327734807841567
23 669.6055287522375 -13.674472347640515
24 604.2374771717393 -12.914216022109903
25 540.4290911667383 -11.882410437198459
26 613.7133822149422 -12.847813002491456
27 515.3556581229022 -11.311601875572196
28 604.8301520390423 -13.074859394368332
29 628.0621588263618 -12.68035259689276
30 556.6712790131113 -12.233285843951634
31 723.1631040265827 -14.381052725242247
32 692.321971051287 -14.855099816630556
33 595.1556514865667 -12.827282986556028
34 677.5787882936438 -14.255714120303752
35 671.5503138862808 -14.49784723720332
36 565.5739700490707 -12.258226230235717
37 720.7646066571565 -15.149474410088281
38 557.7721115499315 -12.349799225183734
39 616.4926749329371 -13.634106406874666
40 598.5806669498814 -13.060568533471066
41 586.4966459580178 -12.870348422126991
42 636.729002841393 -14.223944238342627
43 595.8861825945716 -13.071639303332383
44 703.0710466787136 -14.605843814929234
45 705.7237700634257 -15.177243302722275
46 766.3049423259629 -15.614732321685594
47 568.2074792162747 -11.910602672268208
48 600.0192412527555 -13.235299622615967
49 586.1248968447019 -12.537606161722637
50 656.9021341410771 -13.887650689201982
51 633.6762497087076 -13.980399597916428
52 695.0356888954637 -14.604486177918615
53 639.2789646318859 -13.742065176176617
54 536.519292542752 -11.976776280392961
55 553.6120203754963 -12.344623660131852
56 577.7920606313555 -12.49929049809808
57 630.3681210313003 -13.55521345674705
58 558.9809541648726 -12.056404495904301
59 600.1060313893765 -12.95096401462715
60 675.6024504161173 -14.214885909285275
61 616.8828990169442 -13.019036034593324
62 505.7808818716712 -11.235027324397366
63 668.0216170770385 -14.087174417686038
