0 441.22195458767214 -9.171549736166458
1 458.13511897846803 -10.284633187230831
2 505.6583452859045 -10.666884534396907
3 440.94902189052027 -9.354804610344782
4 439.1120604183296 -9.11810878235803
5 491.23178080702525 -10.138139314296621
6 440.04049979802573 -9.21662026878949
7 468.6262266681608 -9.985572410570525
8 480.2954271589533 -10.028524806943341
9 471.00272210713774 -10.098033700982118
10 429.8492396050455 -9.148645193836868
11 410.8339745943196 -8.675055113356564
12 423.10838034345596 -9.021104240282897
13 446.6241526750887 -9.625077117747676
14 417.5692665121298 -8.83616832578735
15 418.91961083277135 -8.762928118277713
16 462.32343675290554 -9.629193441814886
17 470.98300972709256 -10.084689838702324
18 479.44805238312193 -9.950072098873672
19 474.4955951615028 -9.827691961388577
20 378.5967607769755 -8.250966660501001
21 446.3937701958303 -9.429729075587623
22 383.05191951874576 -8.015576392946203
23 453.9677492657155 -9.577314120872998
24 412.01220505881054 -8.76271258280447
25 452.0509602063294 -9.636652105594962
26 393.6423424609147 -8.188070156452664
27 456.2899990211847 -9.472041863021717
28 395.9934671469881 -8.390857793999468
29 409.607176653879 -8.663148503235982
30 470.50792565491673 -9.68178090010245
31 354.9951486166806 -7.759261507644431
32 425.7702121810435 -8.842110875825048
33 409.7109775460311 -8.624119243444486
34 456.96562238967306 -9.49086349127177
35 470.13784342367484 -9.734760365489267
36 463.6107027831475 -9.642128483373279
37 479.95925867836655 -9.969739150458897
38 458.9981032801305 -9.591208211966883
39 451.17962392464125 -9.289949876612887
40 425.93651504231315 -8.943949286292224
41 460.34463587119666 -9.778768499938721
42 483.60402477632164 -10.160065039534654
43 374.71478102835306 -7.976539442587835
44 456.4228646295973 -9.30020611553169
45 486.2453023804817 -10.259700579998073
46 380.0713602949263 -7.963102092072603
47 446.64414650994286 -9.738377647872722
48 430.0002784339176 -8.952610607536986
49 472.6777669386713 -9.96244078923636
50 462.27874030471247 -9.556904168072132
51 408.72486915817456 -8.567047700352143
52 443.8450286180955 -9.256482461921388
53 424.0759896608337 -8.940567584208354
54 430.9651321331552 -8.962243860043198
55 458.51389924041274 -9.752071555290394
56 424.58943585710944 -9.011271119230619
57 434.6888324707843 -9.070723516344097
58 429.719004403546 -9.190383764295312
59 414.5046130473662 -8.558531505530604
60 349.17599092183406 -7.500300852640195
61 354.5145491318373 -7.4117768528121
62 423.4980911441686 -9.134190576296621
63 473.64260308544914 -9.330684058782538
