0 495.406590756 -11.3838553851
1 486.756907469 -12.6748256194
2 498.482987404 -11.6396590956
3 436.771074777 -10.2943276692
4 536.425873211 -12.5626482065
5 481.403389052 -11.5567778413
6 460.250006232 -10.7836455144
7 541.872799704 -12.7927359624
8 478.8675516 -11.3530038162
9 493.431036141 -11.5104999599
10 540.981697897 -12.8935088197
11 524.413894854 -12.2959371127
12 504.38322831 -12.3642686117
13 452.95786536 -11.0410161792
14 434.774190105 -10.4174488866
15 409.952707321 -9.84164945452
16 420.78716747 -9.68872900997
17 582.185408301 -13.8500779706
18 474.512913392 -10.8270042155
19 508.182713255 -11.877671387
20 470.604847299 -11.5595409098
21 438.971435168 -10.3682949583
22 515.848467222 -12.4493836673
23 472.291940367 -11.3310738024
24 466.80567034 -10.5617440131
25 438.157591929 -10.3682604924
26 480.948117202 -11.4418434485
27 484.148871587 -11.5339239018
28 500.224200303 -11.5334959708
29 523.065725649 -11.900170905
30 552.021951081 -12.8203094489
31 478.31037253 -11.0528836553
32 538.974950792 -12.3148038461
33 473.196698816 -10.9950842324
34 465.120533503 -10.9243332105
35 493.667094512 -11.7606470184
36 584.922122208 -13.4119233626
37 585.422206263 -13.9923158867
38 444.411990915 -10.1509780573
39 465.081533142 -11.2075886966
40 508.701947576 -11.8009301729
41 441.614572771 -10.3665198729
42 487.096024092 -11.1407757944
43 515.258976367 -12.1229838738
44 514.777583575 -11.7474066691
45 546.62640196 -13.0245843152
46 382.073193523 -8.91141180119
47 457.365988544 -10.9286736007
48 477.699010797 -11.2784862636
49 473.237785206 -11.4238182045
50 497.459861158 -11.9106440521
51 503.599386779 -11.8094915817
52 473.474606136 -11.1532107698
53 514.388594939 -12.1823907454
54 414.445402199 -9.82099549437
55 460.460360387 -10.7265563076
56 528.424861346 -11.7883125236
57 459.918912168 -10.9555461593
58 521.943009554 -11.9101830529
59 488.439802591 -11.589240965
60 545.71045344 -12.7598567863
61 467.189172732 -10.9956145296
62 531.245511115 -12.4820336571
63 500.876392708 -11.8940153759
