0 484.3842766085409 -11.563840672557355
1 528.6325158693683 -13.156240795998698
2 505.3079446304675 -12.602029285798722
3 460.2474959943268 -10.915524117988776
4 493.03118183235784 -11.64248974128024
5 480.92490277554504 -11.98760183314289
6 495.19311399086564 -11.796349863267382
7 465.28308423106466 -11.589833387411659
8 496.52698712056235 -11.28025161125315
9 516.2281391145937 -11.186501428691724
10 483.64540747305153 -10.943392524724741
11 546.4083797471685 -11.782272834768746
12 516.2073325345825 -12.732043730769945
13 485.0310010807538 -12.136227754695492
14 473.018950282501 -11.570170903975832
15 452.9807754221715 -10.203161828407513
16 496.4202695291518 -11.509477010189784
17 511.59898766720323 -11.876239772115005
18 528.0540457071655 -12.167960878287218
19 532.2868184316253 -12.535100939965787
20 469.1207106723622 -11.037880443226182
21 462.9476065096229 -11.358973401408843
22 573.3633961692035 -13.399437389482838
23 546.0667985641451 -13.425172567308689
24 521.5589610773942 -11.79804231020721
25 608.2381348297386 -14.232910396531679
26 530.7187327100416 -12.52230753560754
27 563.8403467970255 -13.324562094681726
28 517.9899195020463 -11.578297125321493
29 614.0346687275633 -12.893909169173373
30 522.413759712942 -11.78385290600736
31 568.6263038764013 -12.932738921177867
32 473.2504482867416 -11.336936615659386
33 538.9359486865264 -11.85135812421962
34 497.229304673672 -10.650778761659927
35 506.6260107927116 -11.813957375217436
36 493.21402374772794 -11.1928317988957
37 535.3196918033705 -12.012973572172442
38 592.3397904277775 -13.210920863473776
39 607.0535048519936 -14.234224060340413
40 480.8030536919339 -11.40916606826044
41 500.4958264579134 -11.342528020694164
42 504.59499227846254 -11.743778761989521
43 544.2907693936811 -12.927470362908034
44 577.4935470582243 -12.966816401979917
45 513.29338091199 -12.0686833171747
46 544.8951723350464 -12.409015390606596
47 507.1677181809946 -10.972204583584043
48 501.1710475127686 -10.726301359023092
49 456.31577170409724 -11.173672700323753
50 583.8720079573883 -12.175460889634532
51 520.7669003235832 -11.971007042923164
52 550.9307574922203 -11.91523494561457
53 614.6823752536643 -13.674554240664344
54 510.56693608759565 -11.728592100793175
55 515.4271445665623 -12.087681137635949
56 535.4596467204473 -11.59753440848565
57 592.8365257557492 -13.212074109905853
58 507.1472029195713 -11.364041504187012
59 437.7500933703397 -10.530124866001772
60 491.0987217791242 -10.856175595780005
61 477.8678876566797 -11.689988578309569
62 449.3296916531817 -10.789792591768506
63 499.7366847433654 -11.367281696539546
