0 486.992370412 -13.3220887058
1 415.037755833 -12.7836547422
2 435.964615396 -12.0877583129
3 497.461233672 -14.1896234524
4 508.526006596 -14.374526264
5 460.338257542 -12.9103328762
6 435.141711811 -12.0550971871
7 552.284070634 -15.1923819171
8 463.504153031 -12.7212143669
9 518.690334006 -13.8287770361
10 454.012760757 -12.2313960622
11 580.162606906 -15.4842143168
12 486.213277506 -14.3648197393
13 518.279519934 -14.1036147838
14 439.234081386 -12.0092183173
15 473.950116726 -12.9748874124
16 502.621741295 -13.5351648309
17 457.843900089 -12.9815623261
18 461.900566539 -12.729430035
19 434.063559433 -12.0918947053
20 485.254538918 -13.8464957926
21 421.536083573 -11.6611165077
22 549.740805729 -14.0279307175
23 482.539070934 -13.0937464601
24 497.38172376 -13.359888467
25 497.735621666 -13.4244401722
26 470.878874481 -12.3664818278
27 468.967460045 -13.2262480838
28 488.689125306 -3.76622049159
29 499.704312686 -13.6467889985
30 505.979048294 -13.5339103934
31 511.545481666 -14.1161054036
32 426.676933013 -11.7418383629
33 477.952931629 -13.3201516936
34 536.571295021 -14.538489785
35 466.449957459 -12.5698762709
36 447.131106784 -12.3662566129
37 426.257951848 -11.6718511717
38 484.441033622 -12.8911948092
39 428.817977316 -11.9064329244
40 591.105202975 -15.4494114175
41 502.369721275 -13.5071640586
42 434.437091041 -11.8533976254
43 549.567995891 -14.7110881524
44 469.75574383 -12.9150193637
45 432.321320053 -11.9347552805
46 472.496508275 -12.4454116178
47 515.76468221 -13.968987585
48 508.415098366 -13.5312399931
49 456.405050256 -12.5294689577
50 421.609962076 -11.4532742083
51 481.902266028 -13.3613351638
52 500.220254069 -13.1930237984
53 478.611389443 -13.1542125489
54 494.707367725 -13.1507319043
55 483.167795996 -13.0586675194
56 379.004007999 -10.5475904057
57 430.485651666 -11.8809906649
58 456.553623812 -12.643041607
59 523.116778966 -13.3917552585
60 421.027058774 -11.6691091138
61 511.598958088 -13.485279747
62 502.600055283 -13.6192680942
63 524.520724829 -14.3088534809
