0 448.808416445 -8.67114577481
1 577.58693367 -12.7165098992
2 420.143885173 -8.1656450163
3 464.322718163 -9.32519975722
4 499.874029478 -9.7414149663
5 505.166160488 -9.93563036629
6 530.918179593 -10.1014437145
7 497.294485803 -9.74048028569
8 412.255416975 -8.11645806653
9 449.48894989 -8.84844290003
10 471.938940647 -9.21078872284
11 542.461748536 -10.4560471008
12 438.668099551 -8.71399485701
13 453.716632324 -8.7645268537
14 479.283662411 -9.32290070553
15 372.556539471 -7.53498314405
16 407.90336572 -7.90183941828
17 495.742976407 -9.86221971225
18 512.362981879 -10.0062436312
19 452.466423309 -8.88216296103
20 477.138189435 -9.59131366369
21 459.039410223 -8.82018340816
22 527.260728026 -9.89820356142
23 521.841663721 -9.73441915576
24 513.462420903 -10.0779904073
25 439.784735977 -8.88621962877
26 434.001308297 -8.34991233805
27 380.315244265 -7.52997584692
28 465.490999373 -9.07647727289
29 538.373467088 -10.2142204915
30 402.955469332 -7.76592336981
31 417.001188454 -8.19199133756
32 477.08831807 -9.4218336541
33 494.757471524 -9.62956266441
34 481.149114326 -9.15063256032
35 464.738623449 -8.8750339927
36 463.592890012 -8.96368827628
37 481.81322669 -9.59863013721
38 416.633493412 -8.13167672292
39 457.289958016 -8.80063891841
40 408.475110508 -7.74051737183
41 460.616073709 -8.76464610953
42 474.576173142 -9.34634706876
43 465.817803655 -8.84417728443
44 471.395865446 -9.09654824411
45 439.604673653 -8.46520768152
46 522.838667601 -10.0469923238
47 436.121325506 -8.58871251976
48 482.865288378 -9.12979196362
49 517.197722484 -9.98118594169
50 530.213231665 -10.0221606894
51 418.980567073 -8.07952656155
52 517.001563158 -9.56587886159
53 602.51957779 -11.9531189254
54 439.724877683 -8.37955201468
55 434.631307555 -8.34767038133
56 405.905013274 -8.17543058183
57 479.960918459 -9.46817232726
58 504.588837664 -9.64402788678
59 454.663115942 -8.69890454118
60 455.459874375 -8.93190188738
61 454.660534222 -8.7887755783
62 459.84211357 -8.83879990359
63 510.550425345 -9.74645819659
