0 491.560952485 -9.77910917358
1 429.964474665 -9.39895157792
2 509.573973202 -10.3909519592
3 511.661610697 -10.2649413755
4 564.292130839 -11.0247965593
5 450.067812101 -9.15075347714
6 480.05202211 -9.77657239423
7 475.735745782 -9.5678925048
8 454.625442846 -9.26528594061
9 501.266269037 -9.89026402478
10 538.665493256 -10.5791115771
11 553.065995246 -11.1645088897
12 592.821413051 -12.226777138
13 474.84511779 -9.61641532166
14 490.271580715 -9.81055007332
15 481.679571989 -9.55456961209
16 556.110837248 -11.077953919
17 482.254613914 -9.62335497128
18 509.462365953 -10.2395504387
19 492.332971073 -10.0012874656
20 538.713634967 -10.8169191611
21 494.636888045 -9.9615435422
22 426.021416075 -8.7407618505
23 537.095477319 -10.9246217403
24 501.739984733 -10.0906797317
25 502.020025273 -9.95992004424
26 459.626821497 -9.24751033284
27 541.952351647 -10.9822178848
28 499.743041063 -9.59771844421
29 502.416699074 -9.95284115875
30 457.76349892 -9.08799098926
31 458.209135479 -9.20342424693
32 515.731179607 -10.2444155786
33 461.975362893 -9.36415687371
34 576.724591579 -11.2551629535
35 544.566266409 -10.8362658634
36 495.35295815 -9.7296935459
37 493.539189871 -9.91453175998
38 545.392506285 -10.6958421796
39 514.799676171 -10.5147730556
40 430.857011881 -8.72938159888
41 486.071200252 -9.71221198012
42 503.669368891 -9.93678683119
43 545.615625296 -11.0361231802
44 506.401718793 -9.93653050313
45 503.092345477 -10.1379080195
46 590.646592662 -11.8555697553
47 537.801825508 -10.5887589666
48 516.061158758 -10.265658865
49 548.576941144 -11.0661278619
50 486.647684452 -9.63198924761
51 475.732411716 -9.56554649631
52 491.602175362 -9.63478186302
53 492.014390091 -9.87224078368
54 489.404565937 -9.74378810246
55 541.298868571 -10.7726720704
56 553.385236894 -10.7846753155
57 539.930909779 -10.8892653045
58 502.164427816 -10.1537377446
59 455.588851462 -9.2432317415
60 542.351735901 -10.8166025516
61 533.593031659 -10.7304960098
62 467.777335956 -9.61365575651
63 491.76825264 -9.64869545506
