0 474.6966431689498 -11.460312091414645
1 449.48365914917906 -11.94185931792842
2 457.7773222905393 -11.28699643896787
3 440.0936871158342 -10.676228366232621
4 484.07453551390404 -11.414214020369275
5 474.8162724854713 -11.575215897599831
6 446.2277113984371 -10.463401366900769
7 529.0022491385582 -12.790599068671375
8 485.80370106697313 -11.918643283874374
9 510.0583466172592 -12.210084731627719
10 502.97174963472924 -12.095893922134914
11 414.8369743903736 -10.111480355212313
12 519.01794790746 -12.959633600720519
13 479.08825577881777 -11.385563793785174
14 534.8608419193494 -12.459372511298536
15 520.9829685911668 -12.63090906844468
16 566.8732070651907 -13.047231073191407
17 476.08242453182504 -11.335946419321106
18 484.1091132713513 -11.561627250335302
19 468.4111492288366 -11.38252797275117
20 530.1541748860146 -12.564280179486083
21 435.1044935024131 -10.476274498976995
22 544.2330536030953 -13.144856800605362
23 483.52090532247087 -11.734330621228978
24 509.11973449894526 -12.341794426895579
25 515.1075390894345 -12.54939825498251
26 523.7676845330674 -12.040428523683564
27 527.5634016300877 -12.230636547320973
28 453.1896829408566 -10.309839623753392
29 511.6950911678993 -11.955607317525924
30 489.4806566055605 -11.60579334682494
31 496.18814131365696 -11.747430179851237
32 475.19021026414345 -11.405646929116283
33 411.9547122996281 -10.144634846940173
34 477.9694171828351 -11.25389420034792
35 476.676788389731 -11.68284811573494
36 532.1476432130884 -12.322356789081157
37 509.0476308941533 -12.116252798986677
38 551.3163120635153 -12.824964007830253
39 465.4823883867491 -11.226883661210476
40 501.29258976261167 -11.56060776455375
41 508.6543955239292 -12.089815417708467
42 439.7072881693496 -10.18368638212424
43 439.2876188174501 -10.427917554359459
44 481.0420423973664 -11.304144088661193
45 498.3793695108405 -11.839281742717365
46 527.1523734908798 -12.278581740143931
47 478.12705094301475 -11.419858669860567
48 585.2843988591668 -13.53392678110292
49 485.27905149423776 -11.42440632603965
50 443.3231872233881 -10.268915369950287
51 497.582022910269 -11.713173798694612
52 560.9604094956228 -13.068016237318021
53 419.58757777380134 -10.370385157188649
54 514.6189042401711 -12.06255926050693
55 464.36697956663073 -11.199063321951405
56 509.3867880477527 -11.577485296153725
57 502.0545108220065 -11.80007676887676
58 460.8869795953939 -10.918268432653699
59 509.0130131821653 -12.153964060012548
60 503.2927550990321 -11.877286916650755
61 517.5304361722038 -12.249530721981019
62 502.11964546922087 -11.95247091968575
63 530.7890489487447 -12.247525044645053
