0 506.76847069349907 -10.116614330703788
1 508.18309720154406 -10.371551420080316
2 489.0143064391714 -9.90753637988507
3 555.2858624117557 -10.749146304498389
4 511.8197181317155 -10.031055488715229
5 489.22803417494606 -9.465397408456596
6 576.3825904203708 -10.41455916497834
7 562.5987828304434 -10.702145482426658
8 601.2352558181017 -9.858077437732954
9 581.2442162452412 -11.258909370152947
10 586.0939238958781 -10.959955743207727
11 437.2082378630822 -8.791127130354651
12 600.1862113044896 -12.539375788053603
13 465.82399386056886 -8.59956643729134
14 533.4482736531778 -10.636023645234006
15 530.6979246669194 -10.222484346524451
16 497.3742466510148 -9.69651490085493
17 531.8741978030523 -10.516377716076716
18 500.53293977070916 -9.017242294490753
19 494.92517844287573 -10.057954923167186
20 553.0297308254637 -10.790124539618978
21 501.48715854905396 -9.484165067803573
22 580.8025828531589 -11.45286633402703
23 618.0403753929893 -12.182093427136016
24 602.6136408082314 -10.902979935895228
25 479.00994469172974 -8.859419505072488
26 561.7225718394352 -10.67821019463203
27 642.6713548698314 -12.436606027129141
28 526.4752420583795 -10.319160691669584
29 567.421276449853 -9.718539132917336
30 474.6828838236482 -9.08576230880406
31 612.4332186024128 -11.883405035872988
32 606.8459888593887 -11.16264512255104
33 597.6396798451015 -11.465507029169393
34 648.1005107876568 -11.678526604240778
35 577.4635215239733 -10.907118855417265
36 609.8914077587743 -10.96561601607963
37 529.7163253520728 -10.07880622560322
38 477.10467022159827 -9.101073498215163
39 514.1396467113614 -9.516529907304722
40 506.66620807931906 -10.756687878181266
41 630.102886562763 -11.967357254251993
42 536.1824239030972 -10.607075584353247
43 548.3976190660806 -10.77654407518935
44 461.55314450521104 -8.99079566910462
45 494.5599010706236 -9.639270836248025
46 496.86378290016467 -9.651593759041235
47 544.372841567401 -10.486875990395877
48 448.52478441470606 -8.713351651144547
49 567.7390695966695 -10.701910632282113
50 551.2624300140893 -10.103068589520232
51 518.9823416013948 -9.906299700588747
52 597.0619696889842 -10.900700475425076
53 527.9170845877702 -10.09886078795173
54 480.77498432358186 -9.1475603154824
55 559.4060804362971 -10.639929483127945
56 587.9734582462626 -11.600931347318708
57 526.4086537964962 -9.76138902901667
58 484.96960272129076 -9.307555268552132
59 559.4663552539538 -10.368448633308226
60 589.3350134047867 -11.147301962170566
61 544.2226739860912 -10.43720718970659
62 610.247158427618 -11.487352518112818
63 475.935817757752 -8.71896452094403
