0 465.926280532 -11.9701906852
1 482.585309991 -13.7848487173
2 504.203448119 -13.4392989283
3 442.48844853 -11.6606878571
4 545.020630192 -14.1255313799
5 513.0049058 -13.6204527994
6 514.110018218 -13.642825867
7 465.270671434 -12.5481708267
8 415.844716854 -11.1318187227
9 473.836574645 -13.04391014
10 516.677803784 -13.4063725697
11 464.205826371 -11.840494145
12 542.334119936 -14.7544881959
13 450.367776044 -12.0792014622
14 423.053051 -11.29104042
15 521.708978746 -13.9923482164
16 444.81307104 -11.6502286792
17 402.41737725 -10.8607145065
18 430.764386679 -11.3022465855
19 453.442687086 -11.9287901794
20 474.226209342 -12.6532040117
21 435.206017671 -11.7777645632
22 429.986156883 -11.3892798226
23 530.808025434 -14.1460207507
24 491.689548418 -13.1235997714
25 472.405445922 -12.7037483428
26 489.231351791 -12.6418508646
27 518.91071119 -13.8641404054
28 578.553155285 -15.6515232193
29 479.301376577 -12.8060214257
30 533.740092652 -14.2372725078
31 475.514735659 -12.3921207942
32 450.490338799 -11.7416731033
33 456.125181737 -11.9289541868
34 514.121516292 -13.5938882428
35 479.64183257 -12.7447371768
36 489.671590406 -12.8543293795
37 497.100413193 -13.2296005956
38 476.978802878 -12.4568947821
39 489.83639569 -13.2382680166
40 531.007036842 -14.149265967
41 543.302514141 -14.4114143683
42 510.622965392 -13.5420212869
43 499.242685327 -13.2728607153
44 541.075949256 -14.059018025
45 495.713108061 -13.1823275485
46 492.229088056 -13.1491170804
47 528.691307293 -14.3530526546
48 496.775752039 -13.2538346092
49 474.580218821 -12.5476819712
50 514.416733391 -13.5281530925
51 465.133355546 -12.527229542
52 489.327942574 -12.8599940412
53 508.35413116 -13.467498197
54 459.680884743 -12.106161095
55 521.485051971 -13.6502367017
56 479.788513692 -12.6490323031
57 510.876137886 -13.4929758348
58 496.624362083 -12.9532765887
59 528.025461739 -13.8357872291
60 522.925270616 -13.7742912201
61 557.605976256 -14.8937717225
62 528.404158426 -13.9834181199
63 475.03740468 -12.3594440827
