0 436.525645259 -11.3534729306
1 457.812147696 -13.0413426357
2 428.670878165 -11.3110789098
3 440.153709292 -11.8215884112
4 387.888942866 -10.3369172587
5 451.232787663 -12.0320710787
6 504.067760666 -13.2742386851
7 452.979913638 -11.9016155608
8 475.100901452 -11.9512413197
9 457.267427439 -12.2204970662
10 478.996738022 -12.4036824964
11 456.303778235 -11.7872931362
12 424.446129709 -11.475330409
13 435.52312117 -11.3940854583
14 467.122356198 -11.8950872874
15 518.805415526 -13.3740935079
16 449.388274448 -11.6431782521
17 430.265522226 -10.9979663104
18 480.549475532 -12.440641007
19 379.22178877 -10.253317041
20 435.152859923 -11.7855099658
21 487.99106224 -12.6718968918
22 450.071748872 -11.6576178855
23 462.442015734 -12.0209937395
24 453.228783246 -11.6883867486
25 497.282258619 -12.7273407673
26 387.213084836 -10.122923714
27 508.10348202 -13.1333915555
28 500.864053836 -12.8127823238
29 483.522116011 -12.2565006319
30 532.748714744 -13.4596343903
31 468.678577825 -12.2026888761
32 469.598120441 -12.2803067715
33 454.052099657 -11.875589317
34 395.076004059 -10.288464803
35 416.022423719 -11.0742605639
36 458.285456974 -11.6804308916
37 492.161952609 -12.5657589527
38 395.114023287 -10.8113238446
39 436.366678068 -11.6584180171
40 476.138614076 -12.6211184027
41 480.552211879 -12.9721711895
42 453.341518153 -11.8210474385
43 381.117836145 -10.1468101805
44 431.441973626 -11.4460123384
45 396.656607271 -10.4718769345
46 507.640222952 -13.4403084897
47 452.835743974 -11.6234996147
48 518.24709452 -13.7973453146
49 501.089232732 -12.8920009067
50 476.12042378 -11.883338885
51 445.991313902 -11.3109403272
52 399.271047069 -10.4169428588
53 424.225214483 -11.3556897056
54 496.604459507 -12.8172032253
55 516.231520242 -13.512604954
56 466.854778646 -11.8748198838
57 496.139709655 -12.9820273156
58 445.147104259 -11.8221408446
59 520.947727615 -12.9094288393
60 452.433292865 -11.5913441544
61 434.254641539 -11.5853373572
62 482.757321268 -12.7386513449
63 440.125775755 -11.1238138375
