0 452.5062410427127 -10.551971551963236
1 492.2559727458312 -12.794396218723174
2 400.739953501056 -9.504024749311347
3 378.9362507098922 -9.206758785513264
4 422.30497085875623 -10.000013317256622
5 389.8757433187684 -9.59383308584619
6 389.1797909172649 -9.470554243076817
7 395.97334880917657 -9.637885634602469
8 369.14388410590357 -8.88354826779143
9 377.23219566381096 -9.123824137474314
10 400.6220478426846 -9.438779890264676
11 390.6527972841097 -9.55814422110502
12 414.95550728125335 -10.572800709436422
13 410.26541461609753 -10.227689814789896
14 406.44198523577444 -9.48373417894713
15 435.5989904011602 -10.476572534941992
16 369.8272126977204 -9.015453077417721
17 370.5530738078008 -8.890146323339458
18 398.41163456069495 -9.515067345146885
19 405.6563409764213 -9.624082359931968
20 367.35938819515746 -8.969209770525433
21 355.88923200631575 -8.91365595110022
22 452.55859749887054 -10.554935151977126
23 390.88814706118904 -9.143646919252012
24 425.1455597098121 -10.064072254606963
25 437.78155618588585 -10.47421444286524
26 383.129746216323 -9.006736762204191
27 405.19346684855225 -10.030782419784012
28 395.7049048055988 -9.425984969071509
29 419.7293368934658 -9.838209222649738
30 463.4604376625862 -11.051133894047577
31 436.2997308946326 -10.130960652823841
32 378.36882768204396 -9.045771756203445
33 376.41175046977776 -8.941447497028008
34 387.65453181812984 -9.145129095590026
35 366.44923566351423 -9.111667390748055
36 391.012401416677 -9.491632516920435
37 365.0579897504922 -8.910975743449637
38 396.2658774059414 -9.703677082043496
39 351.39820958100745 -8.764375394740602
40 375.0018834289752 -8.935811314772048
41 422.3704964691669 -9.541920080588799
42 445.5079367551394 -10.569354619018366
43 364.52523517012236 -8.641177011081817
44 385.3571916818464 -9.48992882587866
45 396.2835821989086 -9.488533698977196
46 350.5991798893128 -8.573192720229574
47 347.47515360318204 -8.275493641330662
48 376.6076795574338 -8.673697808409711
49 401.73250875497797 -9.684029296987232
50 398.49191130812835 -9.462631170205995
51 420.3554755495987 -10.182116875340393
52 414.4553939162087 -9.692179643322666
53 362.8464595271724 -8.692174104365156
54 391.4516913858922 -9.401977914967299
55 388.22062210424065 -9.364961420623597
56 402.43982269960975 -9.690866759093078
57 344.8386825980089 -8.463547012005233
58 404.20340631421186 -9.634345135646763
59 361.6017663146574 -8.850945296684046
60 378.7945320611303 -8.90707540068381
61 404.98996070995673 -9.772371477354978
62 365.19320252624516 -8.941320730122259
63 352.9658010197134 -8.062294783906811
