0 399.444315761 -8.58794662982
1 479.048034359 -11.5294856499
2 356.351022823 -7.82431481461
3 397.910119801 -8.84900648132
4 366.39505359 -8.3257386329
5 425.361526317 -9.03492293626
6 454.622728312 -9.98576785974
7 412.228023835 -9.17127847142
8 439.235078359 -9.38886258348
9 382.406932694 -8.46422402787
10 426.511454738 -9.2201948833
11 381.94148587 -8.37932912251
12 396.105339275 -8.68822983724
13 424.933729357 -9.43210556158
14 399.028465285 -8.5012845972
15 433.819267924 -9.2515805552
16 408.818237054 -8.64169119445
17 396.376720777 -8.79057554299
18 464.149105092 -9.81102028865
19 379.159133522 -8.28071642375
20 385.751438308 -8.66519185668
21 417.558796615 -9.32369113848
22 400.083678862 -8.48732662544
23 392.369053561 -8.54766112685
24 402.077155202 -8.6343803924
25 350.51274639 -7.59778257456
26 410.001633296 -8.8468771527
27 392.482991572 -8.20618441538
28 370.956099066 -7.59004754328
29 424.987283146 -8.9993152385
30 423.728282474 -8.96174677182
31 407.476862629 -8.6668418761
32 457.812971534 -9.85460984669
33 358.03747974 -8.13840801596
34 388.779474973 -8.23237402569
35 363.244514923 -7.83349646787
36 403.057904756 -8.59618333524
37 453.859126023 -10.0560215777
38 422.207893525 -9.16059724878
39 443.144378774 -9.76275259723
40 365.355563034 -7.75869163901
41 416.22518614 -8.71928766089
42 438.182456636 -9.47602347925
43 503.496962658 -10.4933597769
44 404.845443253 -8.68875266157
45 371.695403551 -8.24273917037
46 416.954101153 -9.08371129474
47 391.254654883 -8.65476380797
48 449.273975279 -9.46136563777
49 415.428304061 -9.01951061208
50 428.276717131 -8.78353045646
51 398.257997257 -8.55469234879
52 400.539956664 -8.55861188583
53 425.694478893 -9.30980751962
54 423.176966745 -9.02062523786
55 403.279893257 -9.10538243311
56 383.210937758 -8.1317916333
57 434.248954308 -9.25379658912
58 447.137550957 -9.44479167685
59 420.906051047 -8.86465322344
60 413.744108552 -8.53238799696
61 430.253264255 -8.91571379635
62 412.988439102 -9.09851526008
63 435.062318965 -9.32221183297
