0 529.73911996 -11.1756136838
1 464.985467356 -10.7235575142
2 453.033289946 -9.24551500352
3 526.128941842 -11.2492305739
4 480.66165252 -10.4178821118
5 495.442661721 -10.029601252
6 443.747901366 -9.98666584757
7 507.990014668 -11.2018130805
8 447.577884293 -9.41967162014
9 439.011880745 -9.38225363786
10 388.390595626 -8.60814297363
11 396.559473817 -8.97984431268
12 452.006807594 -10.3555787628
13 454.949800954 -9.77257068099
14 520.01980589 -10.910249487
15 450.853970973 -9.12023328453
16 482.780921932 -10.7513880733
17 447.122408355 -9.76033392291
18 400.752952426 -8.91641227329
19 418.944714739 -8.37088916605
20 437.872999982 -8.84378235788
21 480.518019793 -10.257087848
22 454.513198598 -10.2851978767
23 431.015730627 -9.7245534399
24 519.19411028 -11.3696495724
25 454.61788676 -9.28119561353
26 438.272502656 -9.66035751118
27 487.68702687 -10.2858812798
28 529.796843048 -11.1006173685
29 567.54276346 -11.7822364037
30 362.995085359 -8.38518313122
31 486.463789584 -10.6600510927
32 479.688044039 -10.6308605538
33 441.640130442 -9.70821107122
34 435.738020696 -9.20562542905
35 444.110312652 -8.8526833705
36 441.034565736 -9.59011112949
37 441.042991306 -9.87914405619
38 482.826121722 -10.5470758964
39 447.837425557 -9.21515878606
40 452.450748551 -9.4763609149
41 472.823251927 -10.7392685796
42 460.536535285 -9.92448463419
43 510.925060682 -10.3780642467
44 499.239847076 -10.8397906568
45 439.12070311 -9.84102350456
46 451.779685738 -9.60403055927
47 471.580896611 -10.3957231572
48 430.603112778 -9.4157631184
49 464.452354976 -10.2676119224
50 424.493527583 -9.33356374527
51 416.333527519 -9.66110779157
52 538.734015651 -11.9008682172
53 442.348412276 -9.84076511913
54 502.359791467 -10.8461309271
55 504.372221133 -11.104287449
56 430.143213315 -9.6406754031
57 455.152966408 -10.2392334205
58 433.038696944 -9.23769801257
59 484.937281676 -10.7228745202
60 481.349498833 -10.5209760367
61 501.888204633 -11.1745198092
62 447.54071462 -9.89600281969
63 416.442671483 -9.42959151888
