0 421.54103000147524 -10.31878623614646
1 492.962592490247 -13.04212184192144
2 417.2826762972747 -9.646353096314153
3 505.90360169967903 -12.793555158997007
4 434.06876962627456 -10.64170333435328
5 488.6930228629486 -11.514951116770662
6 483.81935080521214 -11.392238104924203
7 507.47088713536533 -12.325417473997835
8 453.6107039362659 -11.357599242141399
9 456.39877925398713 -11.429830496302708
10 465.6429031438473 -11.48578717598791
11 429.0237670019838 -11.134741531821714
12 440.2111719184615 -11.104275919582737
13 476.753267985203 -11.220579258304756
14 431.8749636691419 -10.469803905633809
15 479.4777483927189 -12.081109488146835
16 475.62420867269213 -11.564812837865636
17 432.2808188336698 -10.635527061881602
18 477.84702745737974 -11.713515689019705
19 483.112607597045 -10.95616848635761
20 465.2154407806687 -11.654344278051738
21 460.5918614116208 -11.0795527084788
22 427.53643684595517 -10.512271983047667
23 401.7043489882927 -10.309950225343862
24 518.3181963670482 -12.9269368449929
25 470.1495292883521 -12.16899067273213
26 526.1511618689829 -12.271218505370747
27 399.07868837071265 -10.040269354487478
28 406.43431642475366 -9.879419952877821
29 442.9321100782972 -11.045301241288882
30 446.08167060187526 -10.68329256542645
31 397.15933208566815 -9.785862157629099
32 494.3795303890406 -11.532510722538559
33 454.07063122689283 -11.193562012892567
34 504.87850175814094 -12.025537910280828
35 499.5251697575391 -12.570433653022118
36 611.6259000620844 -13.841940716736751
37 520.9902949871187 -12.50046994605814
38 482.41494920059046 -11.127222002371392
39 472.5635608704568 -11.547180082784687
40 520.5957408386417 -12.382007421203868
41 474.1738539625136 -11.38099548169166
42 461.4662349246979 -11.46372421859177
43 388.48955560053975 -10.000006894003869
44 445.32571433249365 -10.419834232872285
45 529.4207344961421 -13.463988584984737
46 492.68625151008393 -11.223101154913724
47 475.1333785493688 -11.288369945568142
48 420.49347817880164 -10.65585998478293
49 492.23533042863653 -12.102742542577783
50 445.72099727971926 -10.95711301923238
51 451.77036876931993 -10.651603305501142
52 458.60254600604134 -10.549679474452105
53 452.89868689279285 -11.438021916204942
54 462.6000178822968 -11.378785747369847
55 462.99703507442194 -11.590424345202475
56 494.1569388288162 -11.941106085622794
57 427.5882436849488 -10.795381551055764
58 473.7828845209593 -11.557975557172993
59 489.5608323503879 -11.957876000775855
60 485.0594100105724 -11.91875247330867
61 515.0843140952958 -12.195824567725923
62 399.5113094449351 -9.608661926015454
63 418.65404142902486 -9.763743432731633
