0 500.221441668 -10.4169166251
1 498.304251811 -11.516597832
2 551.746272293 -11.763316314
3 454.716555255 -10.278491871
4 504.779347915 -10.7654115372
5 481.585177253 -10.6240756652
6 466.957441742 -10.2088493122
7 514.964530764 -11.4330623249
8 486.596647178 -10.5861660875
9 483.389547298 -10.9776089856
10 521.791095461 -11.3770088317
11 501.840689438 -10.9849872686
12 442.767742296 -10.1367441983
13 507.271715691 -11.2497218216
14 509.366437423 -11.3290683648
15 453.827116893 -10.3860953055
16 565.454286848 -12.3764729593
17 480.688492556 -11.0693836764
18 464.228167941 -10.3035774826
19 471.249279495 -10.5777858288
20 537.188899176 -12.1808332555
21 444.352798569 -9.80594559009
22 482.439009876 -10.6366062564
23 573.48651394 -11.4486393918
24 473.024674617 -10.0205881573
25 510.413575703 -11.3366204467
26 593.699667444 -12.5499426039
27 487.678176902 -10.3869659847
28 578.856978674 -12.0620610335
29 463.300603616 -10.353122835
30 497.848165706 -10.8806868951
31 562.73432082 -12.093627956
32 528.924650122 -11.2466783176
33 529.123381664 -11.5742824699
34 483.414449286 -10.4590913986
35 479.223046757 -10.535885116
36 542.136458085 -11.7490094597
37 516.229171044 -11.4017194765
38 477.434146898 -10.1364301789
39 391.826412179 -8.52346824815
40 492.818188122 -10.7883139719
41 522.99692536 -11.2950801123
42 497.120560747 -10.6683029196
43 432.606416767 -9.44250433654
44 563.050064476 -12.5311788262
45 478.731483033 -10.7862506999
46 544.664223924 -11.9636289902
47 446.312129552 -10.3235757542
48 522.868966181 -11.3518261808
49 463.660729862 -10.2078413994
50 512.73977091 -10.9813169045
51 548.891827771 -11.9249752255
52 439.007906957 -9.58868816988
53 532.45656153 -11.3642780143
54 557.290263501 -12.081022669
55 537.128564982 -11.8699421335
56 481.058484596 -10.5858521994
57 514.57932301 -11.363210657
58 499.536926223 -10.8158688675
59 518.644699869 -11.3983635667
60 434.913310976 -9.3236197589
61 547.966998918 -11.9690343743
62 574.945483471 -12.4434941975
63 530.74319851 -11.4921305571
