0 596.8951156889235 -12.257859068473959
1 545.0823025155707 -13.09368558100606
2 517.5773277405641 -10.514451663222218
3 535.1710711714347 -11.54132195244339
4 555.767367137001 -11.898956936571336
5 529.6248124162394 -11.279271825622514
6 502.3797368675518 -11.037639088673984
7 468.3296545559941 -10.404621338001165
8 491.90515503366174 -10.852104199073876
9 509.29885265351453 -10.893091526383605
10 451.63074213216134 -10.096787285001755
11 507.454962883078 -11.462307473723607
12 480.5385927955781 -10.963503940623955
13 516.622121784925 -11.132727577957782
14 467.0716306454987 -10.124250017167626
15 499.74648377337655 -11.012765985326686
16 490.56533641338183 -10.575783228871126
17 505.4474656778642 -11.014255614100511
18 535.4218449525212 -11.402128465236753
19 499.60534424772004 -11.054795946308937
20 438.1141939790193 -10.061051353426464
21 513.1348641892945 -11.40776819434798
22 559.189624682437 -12.50485027893214
23 602.0347321893598 -12.305004932694837
24 519.171496317771 -11.29423624767753
25 515.9540023104163 -10.547892954962677
26 540.7604521138605 -11.551099263299607
27 505.8341087016699 -11.177211638100427
28 576.3232021051183 -12.338689857761294
29 476.60255328281147 -10.601904884744062
30 494.1528918650198 -10.909600519050523
31 510.58762378860723 -11.05836965580222
32 543.0047470808867 -12.077562399581236
33 605.8168896241885 -12.916208660985825
34 498.71992789514417 -10.712273361149144
35 519.0131649868046 -11.234293484397083
36 475.8722334136745 -10.329670682691432
37 467.0535576649024 -10.388876096632341
38 513.4861778563896 -11.60269814226655
39 509.5091504655003 -11.309555642243993
40 452.5761845788287 -10.279478530791692
41 561.9504822125664 -11.6997823486109
42 480.76605108053866 -10.737815214859596
43 526.4359773643649 -11.951180776299205
44 581.4780011633243 -12.73983509339756
45 489.836144325152 -10.72988672992394
46 521.6907950170387 -11.485718680833518
47 533.951828598326 -10.966420974023112
48 484.82494902003197 -10.787049991833129
49 522.6072546923273 -11.56034648572908
50 428.863666160933 -9.696624181971766
51 476.11807037361103 -10.263890127189933
52 554.7917593928097 -12.294729656901001
53 516.8352571058336 -11.32761583088467
54 520.2697743672006 -11.419140514007472
55 539.6716037716776 -12.042779294718267
56 472.540794899694 -10.267649806204647
57 549.4143238630414 -12.876237015922898
58 496.97102695265676 -11.107905602021033
59 600.4605656214741 -13.387463704273586
60 532.4194510861892 -11.684429375770073
61 562.4659266265625 -12.000532702598136
62 600.2138790653503 -12.556646421162347
63 450.88718574683026 -10.008185945638653
