0 483.176148127 -11.7574962121
1 508.12999965 -13.6390374696
2 448.941454824 -11.1395481575
3 437.352537161 -11.003045664
4 408.601243491 -10.4346586968
5 457.968107181 -11.4123860091
6 520.72921994 -12.8139261931
7 433.253794574 -10.9526710104
8 449.225885381 -11.3010353346
9 408.442242346 -10.0915839578
10 452.039375555 -11.3514408099
11 461.154470704 -11.3754145428
12 452.514710229 -11.4977089924
13 420.323984425 -10.6691295166
14 471.616290732 -11.6194030408
15 387.779671869 -9.81323117941
16 451.760182209 -11.0848797685
17 367.879129653 -9.37201686559
18 423.119953838 -10.6442901525
19 428.12129638 -10.9501108853
20 416.828708701 -10.4996445658
21 448.79275584 -11.3107856543
22 410.552016748 -10.2665407212
23 424.768829717 -10.6744225837
24 387.53597684 -9.79807590501
25 None None
26 430.798413427 -10.4503762933
27 387.536812825 -10.0547058829
28 463.387505535 -11.2642605669
29 410.190746545 -10.4444878595
30 418.468625494 -10.594488633
31 445.939557431 -11.2055922376
32 454.187913601 -11.3162552353
33 445.20917068 -11.1945447489
34 473.058835399 -11.6245463236
35 463.972049672 -11.5310958771
36 411.638696502 -10.1196728202
37 495.232801645 -12.4293108755
38 426.473436265 -10.7842989998
39 417.507429295 -10.7166422901
40 367.272952048 -9.21432822158
41 438.807494266 -11.0165715602
42 435.950536321 -10.664093417
43 445.941883958 -11.156013444
44 418.929581353 -10.4211088292
45 419.390692794 -10.3949571958
46 473.599023016 -11.6611452209
47 462.063626411 -11.6570167787
48 465.388583344 -11.5445138282
49 424.086159532 -11.013274399
50 401.226291888 -10.2044839165
51 385.70044143 -9.81820449815
52 461.007211112 -11.3720012995
53 342.28437343 -8.65976692244
54 459.162555494 -11.3540677219
55 454.404776816 -11.3017533752
56 459.114171698 -11.2929563314
57 382.168033482 -9.7078584942
58 439.48611263 -11.1238894342
59 444.174426612 -11.0093006456
60 432.316818189 -10.7912729564
61 461.136469931 -11.6475315961
62 430.801429989 -10.8724599501
63 445.371752362 -10.7464967994
