0 455.42888342522883 -10.63299589744627
1 518.6113828065995 -13.340203645268511
2 450.1045928536423 -10.451568468173228
3 500.52539522179796 -11.742050260532801
4 510.38823283943776 -11.849627387393724
5 447.5138510817505 -10.822055172964243
6 555.7514521172262 -12.426785518080147
7 526.5856287182919 -12.287493106328109
8 452.9973040307472 -10.666560527616646
9 463.0303025029993 -11.098383020826363
10 564.1573824478546 -12.726719561597399
11 488.52120091507976 -11.558154379482769
12 494.0173891033949 -11.934052080647286
13 552.8561997783187 -13.116247149524908
14 527.9334741104492 -12.163514311918986
15 488.3684016010715 -11.657552898851646
16 419.52294563128 -9.577800826400262
17 515.2093398800073 -12.099693198644562
18 464.3301527214374 -10.709177422356483
19 527.6931642780178 -12.471817055497167
20 521.211635468273 -12.350669860731001
21 472.3200274535029 -10.910278295543069
22 493.08901343519767 -11.372654222351917
23 514.0347444082931 -12.168602470279298
24 534.5393372515159 -12.024464483306973
25 514.076515385926 -11.690074927349439
26 564.6993919665349 -13.008327530402333
27 468.93948009657606 -11.35164495861551
28 549.0009635641935 -12.04012784521459
29 468.80694506560087 -10.8426914220015
30 472.0952510389946 -11.14319173837809
31 539.6086731422199 -12.655182615353317
32 494.99451183377334 -11.527000287909937
33 474.3496073046552 -11.116696147585586
34 459.3658301779137 -10.449527059160747
35 556.6169491102261 -12.403140589737623
36 494.400778041667 -11.56878151553215
37 404.9362394101564 -9.789653891213954
38 442.9946354813218 -10.052350457049188
39 464.3937933955128 -11.080240553692942
40 505.7611911753195 -11.406314747827766
41 523.3471640826931 -12.11326319656135
42 424.15818460346446 -9.987658981471744
43 458.64115341368387 -10.801357553614604
44 517.7100294228323 -11.875814001273925
45 449.7522080123906 -10.568485361202367
46 530.8216961948381 -11.863328903363612
47 573.106998856473 -13.671204975274971
48 515.4778495122025 -11.506392822875853
49 603.6660207039929 -14.074320824468902
50 559.3025881168595 -12.701214460017939
51 580.0854722243819 -13.212958109639581
52 481.9871862950247 -11.395008405132018
53 466.1944973525511 -11.063382421725768
54 518.9167697203719 -11.79583519220375
55 473.7297016672024 -11.472443545370437
56 556.1499982356679 -12.617082625606548
57 606.5398689692089 -13.778766783061487
58 502.9612124216147 -11.387507158929246
59 527.1351124621499 -12.590319948694841
60 453.4522676185535 -10.291747045100124
61 549.4363221553886 -13.02934577592422
62 463.5145697218823 -10.787824672458033
63 666.6010962429833 -10.85489255047372
