0 423.890508542 -10.458109715
1 414.543400654 -11.5928851726
2 427.150657548 -10.9239391156
3 450.026746955 -11.4794858831
4 405.76409521 -10.2083674826
5 378.13457895 -9.83472230705
6 457.237826813 -11.3897185215
7 454.727088452 -11.6487357947
8 441.701951492 -11.0089114856
9 414.573613223 -10.3978726401
10 448.677985064 -11.4651201451
11 381.750565062 -9.79280089305
12 402.246578439 -10.699536728
13 390.726707839 -9.97403221302
14 433.185912673 -10.8552147791
15 387.680771149 -9.81535034507
16 432.284792395 -10.7280764639
17 406.199281572 -10.1942689118
18 428.720690077 -10.5010191968
19 440.56697793 -11.033269495
20 430.487948824 -10.9155872705
21 436.363718357 -11.156594964
22 405.576012056 -10.1161280772
23 426.310994506 -10.7042032139
24 445.903518004 -10.7915803681
25 467.564760208 -11.5719842743
26 442.972244751 -11.2710632712
27 403.923547163 -10.4407422569
28 515.212496597 -12.1293226077
29 487.49287664 -12.1174315337
30 377.451893391 -9.56611956368
31 403.052146907 -10.3353885561
32 422.077193337 -10.8541161539
33 426.484936314 -10.3841788163
34 448.850469938 -11.1299631514
35 420.576499416 -10.5022975225
36 406.112757434 -9.83249599966
37 375.154415422 -9.6289815812
38 409.042740498 -9.91550841449
39 420.796154083 -10.584387701
40 462.464559195 -11.2752730482
41 389.817578608 -9.62679175845
42 427.086696577 -10.5250872929
43 408.815914744 -10.3217005673
44 439.166831005 -11.0374029562
45 493.174985156 -11.8148728908
46 477.996821586 -11.7764198601
47 485.755696823 -11.8021204317
48 478.572299694 -11.8297483085
49 432.326938404 -10.8739056768
50 531.609929357 -13.0819905213
51 391.013398117 -9.81517761645
52 463.894831822 -11.2986787359
53 408.485770934 -10.5358893519
54 390.384029091 -9.90522384361
55 430.59732161 -10.8361176595
56 408.128276102 -10.4915356721
57 491.142322647 -12.5621990496
58 415.69518321 -10.5013873211
59 397.522071898 -10.1374045072
60 406.386513384 -10.1185912947
61 431.440097945 -10.7438866308
62 414.816568922 -10.462010585
63 422.206436194 -10.2721275734
