0 522.7179073842659 -11.36610756017217
1 570.4450800532687 -12.928523894219769
2 483.832842476831 -11.045059581958293
3 560.7542211666447 -12.661330435449521
4 472.7841676924618 -10.478745058166695
5 459.6719177203934 -10.441975089474708
6 551.2599656475319 -11.17387511902908
7 516.4811639968598 -10.694174197670595
8 523.0023876734701 -11.406553321265172
9 526.7852196215729 -11.483843836016156
10 549.5394658582787 -12.274090693743224
11 537.6748874887767 -10.77609827999117
12 455.91490756389163 -10.637047332095893
13 460.5245506425837 -10.725010049291226
14 587.5391486430083 -12.590307860475486
15 495.13133313122904 -10.911664863732552
16 558.9616342984859 -11.485799264385555
17 546.8931794535589 -12.093422815338652
18 551.4285022508185 -11.27111117234352
19 502.45634459772805 -11.10521704518665
20 498.1375238538147 -10.52708290841833
21 572.2038829686699 -12.29439642665984
22 616.2070662263086 -11.92071875948977
23 511.3387820664327 -10.969436018205451
24 None None
25 428.4416630924077 -9.613775425892694
26 None None
27 553.1779776724379 -11.896350729949592
28 465.8744474469241 -9.40752114931501
29 446.11986785908556 -10.289942827282427
30 493.86298417060937 -10.909371727542425
31 543.2913128062421 -11.404733446433628
32 511.14742590786943 -10.614097506114785
33 475.70330603289045 -10.581566230330749
34 499.5480261802046 -11.031357993505237
35 492.2244703564453 -10.924725668575032
36 513.8377426090981 -10.336307428467322
37 488.4302349685298 -10.892101912617044
38 418.1484439545449 -8.980839783219052
39 566.6979840975067 -12.301654158501616
40 481.78589156517216 -9.752456684051715
41 539.7934673760094 -11.523284074049863
42 471.1182546921252 -10.452637069756015
43 537.583294429097 -10.295975401961806
44 457.9802506905227 -10.178126387328996
45 458.2876708890237 -10.27296710597719
46 511.17418305436377 -11.207958139381724
47 533.8000771893137 -10.868846856118635
48 463.90872318689134 -10.06407555719472
49 510.8061753785931 -11.234400358779054
50 563.0811127654727 -11.887174072336062
51 580.2870129104431 -11.992923137130346
52 480.19275081344125 -10.363546046905332
53 489.4479362815239 -10.551314523967502
54 491.3679974713697 -10.515326976462234
55 493.22821707061036 -11.021410337839438
56 496.14591303650093 -10.476827231481575
57 467.93411617943593 -10.404157306658709
58 464.9569183642719 -9.896863157101768
59 500.7051255003759 -10.867856474573413
60 527.0885089088432 -11.103243230217895
61 613.0059090271267 -12.595964058094292
62 481.3782758093188 -10.23285363194126
63 501.67242782050806 -10.724168947879708
