0 365.821481899 -8.44705949175
1 416.142246265 -10.5177941782
2 446.341440275 -9.8841479529
3 419.709672863 -9.53378528427
4 438.309175701 -10.247844694
5 428.273614893 -9.73038880332
6 379.74771497 -8.75827830732
7 508.691972088 -11.5900318353
8 451.175470152 -10.5183081535
9 438.549890187 -10.1881536335
10 462.684483028 -10.4854197293
11 514.934143593 -11.6206428044
12 537.770996762 -12.2490598896
13 414.014959443 -9.66134538573
14 439.250289591 -9.85675935305
15 366.114220215 -8.54494774031
16 441.666827058 -9.92208472202
17 450.607801386 -10.3039467427
18 438.058022605 -9.75106420079
19 440.175472284 -9.95889289904
20 405.223363017 -9.55351380913
21 420.0792925 -9.67905321562
22 408.401914056 -9.27103383377
23 443.174894551 -10.3076877713
24 400.247923414 -9.06567746543
25 443.847938559 -9.92190346553
26 401.698265592 -9.13808847269
27 434.0035178 -9.97486340187
28 471.779430416 -10.4581648536
29 433.872090823 -10.1085637694
30 424.255627989 -9.49524127459
31 402.525543305 -9.29904099159
32 390.128322776 -9.14202053124
33 501.061244269 -11.0593379032
34 507.626810821 -11.3042967496
35 464.153442914 -10.8255284203
36 488.699165853 -10.8249349337
37 380.622813987 -8.97298978443
38 490.227711809 -11.2052358811
39 426.193798818 -9.75452433611
40 412.469251855 -9.49543064888
41 387.695764 -8.93852299616
42 470.891867086 -10.6046480641
43 400.502497687 -9.31871576763
44 492.213188348 -11.0314417567
45 397.83108036 -9.13387345373
46 408.013447197 -9.68058844996
47 407.615596876 -9.34465801332
48 436.864502559 -9.88867168523
49 436.913424468 -10.2393308587
50 419.626262771 -9.79877057725
51 514.628242527 -11.7787558276
52 435.155775881 -10.057498972
53 408.5664297 -9.27815347513
54 450.033554421 -10.1894097037
55 473.465921444 -10.9293321189
56 406.288642889 -9.16298919079
57 480.721972686 -10.9995010846
58 428.310956521 -9.8688133606
59 403.607604178 -9.22487150792
60 440.305340908 -10.0871281785
61 502.429235442 -11.1434997659
62 487.593970674 -11.1130508199
63 469.547372522 -10.3158597871
