0 408.7130032612898 -10.264718414483502
1 403.8905629329164 -10.857417381781739
2 452.84011178630055 -10.833208532630135
3 340.4839694186573 -8.848929834806674
4 421.3095125136852 -10.333664643904086
5 380.44019456922246 -10.145613585946982
6 381.1734334634381 -9.020544334002135
7 375.07080109804707 -9.643073120273874
8 445.619707923377 -11.102506507392036
9 450.04848857669185 -11.019929440788474
10 378.4695199288455 -9.415166939315696
11 432.2667704111819 -10.800297213519972
12 416.86413761813895 -10.881614602985213
13 362.2015465372577 -8.992879667490913
14 393.61265146184286 -10.666245470064622
15 447.2649832090141 -11.449867344450569
16 395.3438210407095 -9.686280402190768
17 461.4268853055981 -11.467486376994657
18 420.4848855090557 -10.512775132342446
19 506.57091368344845 -12.162738737457758
20 467.5548606138157 -12.22059380322267
21 452.193516028863 -11.368436218475937
22 411.68233231919965 -10.144814135704761
23 367.62835462964154 -9.57482167946469
24 408.66145261023786 -10.186027004258639
25 456.47963251277326 -11.509935001138846
26 405.9022132583823 -10.222744806622785
27 451.0671463530164 -10.896795921658462
28 451.1861728018778 -11.303376788398364
29 413.6810436405756 -10.106348272717257
30 476.54641341139353 -12.293691292447757
31 443.54431470334396 -11.191252155091115
32 426.6130021618542 -10.120313339751661
33 418.6530907544914 -10.852626089801886
34 409.875557797145 -9.83430310668197
35 421.9607306472542 -10.599053606994122
36 483.39578154069875 -12.042769091516806
37 479.78399937779034 -11.93849466034306
38 411.9770707994469 -10.71636702529838
39 435.0900724462449 -11.340543926311042
40 446.0912649115539 -10.941932927693083
41 445.52758943717015 -11.157296324236585
42 394.82952427406997 -9.79402889405167
43 393.1902296237647 -10.233874042943242
44 410.87850182240555 -10.526328654600697
45 421.0325226650158 -10.529378276908568
46 411.3268139492663 -10.401075722014136
47 431.4467265930507 -11.222232838921858
48 547.7841228993033 -9.528730756287539
49 379.0262348699449 -9.995912053379037
50 379.42814070811 -9.692895482408666
51 423.0655673588688 -10.670182527663568
52 400.1412827450453 -9.727193659677045
53 367.7308575536135 -9.513991720652461
54 471.0332785386541 -10.76767385535167
55 396.6584721899827 -10.119107304429154
56 431.64264270602234 -11.128132688727028
57 424.40715289504385 -10.816698462736131
58 424.64580066240956 -10.399754929540517
59 505.83233867500786 -9.785107314628426
60 413.335789017854 -10.110903429941848
61 496.66832097319843 -12.0935572583374
62 421.0154121787913 -10.369798211257873
63 410.46635668915724 -10.09685814877978
