0 380.0500532416541 -8.87307640169263
1 377.55818583007755 -9.94070443754774
2 404.69916454470837 -9.181021816421524
3 379.0509058860762 -8.802983370621796
4 387.46770640379407 -8.718084272117164
5 392.03205220716075 -9.09662730466801
6 339.90003084650994 -7.826764125375689
7 373.44369529868806 -9.118180052596225
8 406.4282121568979 -9.351389256523444
9 390.261449803401 -9.252115227335144
10 389.7274662852795 -9.108500528950763
11 364.9713586541249 -8.515309103990381
12 339.65875540157026 -8.238364950206817
13 386.7074667366789 -8.695120445109824
14 429.51569633464936 -10.087493778180688
15 409.8889249118134 -9.92653576659963
16 402.8710326146932 -9.177271616343432
17 360.3394090722991 -8.478193947410274
18 405.00359321745054 -9.276307414924597
19 336.44500875380334 -8.155149427752189
20 343.2378095593381 -8.172950437997846
21 369.4509655634821 -8.836427416041957
22 378.1320879947782 -8.933750714159228
23 296.6498388023911 -6.973435291283411
24 390.6616657140936 -8.760152767764371
25 384.57436086383603 -9.163422983299018
26 350.81671563407934 -8.155306202102352
27 441.79601930640297 -10.442295748035532
28 396.3139219950817 -8.94944344638642
29 415.11203544954867 -9.68326321192389
30 354.09130256004505 -8.149096773276812
31 414.7040531449255 -9.3697554333582
32 350.8057122976981 -8.202040745447354
33 383.4553746600775 -8.951832463537707
34 384.81388188538324 -8.577587494410993
35 414.79842881798567 -9.547662935138433
36 None None
37 372.8837692798839 -8.569594921761013
38 394.92292394040703 -9.22014657756612
39 353.563209210664 -8.214448076645747
40 412.13307006881325 -9.45419033488552
41 377.5456518766353 -8.771008231454218
42 389.3418822313939 -8.619931821270438
43 369.18040819768413 -8.728827296212389
44 425.134458742442 -9.498004362244094
45 457.4210226651213 -10.371344961367189
46 324.4678740429851 -7.548375333635968
47 388.661617055629 -8.889134849740396
48 383.942373046372 -8.922411548330397
49 401.5358673223247 -9.644009423169566
50 345.269489119897 -7.7804577921414815
51 390.71521269604165 -9.26083685132456
52 385.9435672448554 -8.83155377544953
53 361.72918806820815 -8.384583541972868
54 401.7523947058923 -9.038332316962316
55 407.114392843961 -9.047823682784596
56 398.3804646827865 -9.336916762535752
57 333.30193272729963 -7.832508072100457
58 369.62612369920674 -8.420837609219767
59 368.0489040070119 -8.67021469608216
60 393.241284329873 -8.677658179354749
61 376.6086695847977 -8.848729766640956
62 430.2721359700053 -10.130401317406328
63 364.146430018737 -8.417310916919734
