0 479.9500445202026 -10.970682128210507
1 458.98981896301103 -11.904029935840553
2 446.4085686365254 -10.299053145079831
3 497.1178618278641 -11.715819669170834
4 516.799086229442 -11.69707183751448
5 475.2065828135102 -11.424079946134826
6 493.6739167722448 -11.537215788183834
7 495.6833000264212 -11.285225195962937
8 441.72217221637254 -10.548966138286964
9 451.1696462781831 -10.534102620033934
10 512.361603272198 -11.662460680055707
11 479.94343705133804 -11.519726463035362
12 486.68602878595226 -11.766345323355221
13 464.8137592142908 -11.243847105784766
14 460.27812966688305 -10.77606634855411
15 507.7298815439517 -11.637447919777056
16 453.7615912310385 -10.702917198986714
17 518.7306875531914 -12.057408377072038
18 433.5495870431776 -10.377614704650863
19 425.28858320245405 -9.817080624341036
20 418.48170182940385 -10.171620991914624
21 479.6991882236686 -11.43771330980294
22 487.3738119528735 -11.600908404822603
23 371.5699565238331 -9.016136971063638
24 467.780751591692 -10.688591384146825
25 423.61360130602884 -9.817405857640004
26 539.7646080114421 -12.51190827292126
27 461.111736114371 -10.928282797089638
28 486.54171011215357 -10.790277427926046
29 493.9768688838164 -11.488592193632849
30 466.02840506411735 -10.607345356729084
31 472.2084363522296 -10.756154930308139
32 482.2811621227114 -10.874306140918556
33 497.75134356979044 -11.651299991728884
34 454.1181258107262 -10.376672573110943
35 472.5326042473872 -10.80036679250171
36 499.15294882430806 -11.467560760556474
37 465.2299966824351 -10.995144064425428
38 463.1679770606995 -10.862230591393295
39 433.1635874755563 -10.128316815407652
40 436.28529564600416 -9.684951847280093
41 472.47977836331137 -10.892521528073722
42 486.5413544518986 -11.292701218009135
43 373.0358228268004 -8.821348479708508
44 460.8546168536248 -10.63645183148269
45 547.9977190589539 -12.971212768749487
46 464.1108963259526 -10.412058560729314
47 443.0276488114609 -10.350730170276067
48 469.38050623931605 -10.921486102579012
49 440.43150114791774 -10.225441054126282
50 471.4012574124483 -11.099975236575824
51 453.5775784431827 -10.731325327133492
52 485.94689760968544 -11.416596204978438
53 504.4814129050493 -11.741535235869781
54 466.46342068875975 -10.963953144574118
55 451.80073137654 -10.567784010592455
56 493.1979604669769 -11.015465032027478
57 396.60573840881193 -9.325240641172948
58 444.9430333676096 -10.297870568333144
59 444.76822300545024 -10.412982036897624
60 418.2674945292073 -9.601282872662717
61 424.7560964859897 -10.052728995497908
62 426.0414216761144 -9.976882299818481
63 466.70333543103186 -10.51128344821499
