0 432.954735075 -11.5953682038
1 473.216869445 -14.0297550998
2 435.340721449 -12.0603548755
3 433.263420898 -12.1284716188
4 460.609921075 -12.0431274866
5 485.609661004 -13.2791941967
6 502.110856221 -13.6878193917
7 522.346032457 -13.855251225
8 475.86717577 -12.959915882
9 456.812418067 -12.4689596886
10 446.624356294 -11.9366776544
11 455.22206113 -11.9326711884
12 415.921730125 -11.9378388023
13 487.535969621 -13.0723225989
14 461.425462019 -12.5875101475
15 452.152930977 -12.147797239
16 479.263770053 -12.7898257605
17 464.143527131 -13.0446535294
18 417.833115473 -11.3472760358
19 465.23981026 -12.4979401768
20 517.084564987 -14.2593605094
21 459.879572396 -12.3946876464
22 454.925968075 -12.390084413
23 517.28077139 -13.8716713393
24 496.015079577 -13.2201396493
25 532.705538832 -14.4517847594
26 444.060891435 -12.0619822975
27 500.929356882 -13.9218123818
28 494.988642635 -13.1538452591
29 422.998509564 -11.470301095
30 395.848560095 -10.8376284306
31 417.806760898 -11.4340266242
32 497.829174489 -13.2885917552
33 477.190799256 -12.6392454709
34 450.197683898 -12.3268315768
35 471.767602244 -12.958647317
36 468.69288774 -12.9044163352
37 465.184753743 -12.7522010992
38 378.480412628 -10.2761885316
39 412.936448168 -11.3789362537
40 467.137015447 -12.7675920447
41 437.224217646 -11.908136174
42 413.17662165 -11.3000933597
43 505.487984497 -13.7229665644
44 448.391515805 -12.1708250263
45 399.671149232 -10.7528530865
46 483.110302995 -12.911955211
47 487.451874691 -13.2173332815
48 542.222817679 -14.6335032702
49 474.523735448 -12.8865689634
50 476.670872479 -12.678231824
51 475.751384843 -13.0642189417
52 451.627600622 -12.0260018707
53 409.953258565 -11.1984751255
54 451.438592278 -12.0207643549
55 423.162940363 -11.3937732235
56 438.339625305 -11.8801673237
57 435.191905238 -11.9386991076
58 438.760391586 -11.7314509434
59 435.262741805 -11.7295701163
60 403.345152729 -11.052689895
61 436.490473307 -11.260046676
62 526.121251384 -14.285142571
63 452.959611476 -12.1683228378
