0 473.855838171 -11.3019147499
1 452.668545279 -12.1122949855
2 414.546964333 -10.7198782556
3 460.342619189 -11.5076127697
4 518.890530059 -12.5940396307
5 482.270990027 -12.1171411706
6 406.602184339 -10.2061659979
7 462.908302826 -11.269877493
8 412.729996894 -10.1735561897
9 506.999197047 -12.6454260963
10 470.999547432 -10.9614865778
11 459.741989636 -10.9133208905
12 382.286375763 -9.68440949915
13 463.404938642 -11.4382945631
14 438.936969689 -10.7530841693
15 436.122876027 -10.9510947092
16 450.900269771 -11.0525072761
17 417.520896985 -10.458223244
18 405.063250738 -9.95940851479
19 432.561763023 -10.8418128721
20 532.404561081 -12.9824760416
21 415.013496039 -10.4302632191
22 450.114553881 -11.2668914517
23 403.933805604 -10.2456046713
24 462.407856198 -11.0959737516
25 454.363498644 -10.8979772231
26 409.964042903 -9.77706088793
27 526.099431345 -12.709788097
28 441.014790095 -10.887208048
29 480.500122588 -11.9700232281
30 505.661654193 -12.4317205797
31 449.730750134 -10.9714617699
32 481.906464579 -12.1115391417
33 396.395555852 -9.62789148654
34 433.35167697 -10.435937326
35 431.514615837 -10.5767024024
36 410.616884988 -10.1542910588
37 477.329630238 -11.6232670076
38 454.161449951 -11.2906380516
39 467.687504525 -11.6610070255
40 496.309076056 -11.8350823002
41 399.078974496 -10.0389165947
42 497.154755375 -12.1795096717
43 413.318519925 -10.4025432565
44 427.380743421 -10.4567057871
45 452.008398542 -11.4890342605
46 440.409887454 -10.675164502
47 476.101856296 -11.7001381365
48 416.900600754 -10.3998931547
49 373.057270315 -9.47726085883
50 476.836707156 -11.6974536617
51 460.449146354 -11.3150224295
52 417.238387231 -10.2181133425
53 408.574846305 -10.1468237983
54 468.223777698 -11.6268884897
55 413.005170164 -10.3065163647
56 405.70056929 -9.89886339307
57 441.985677743 -11.1950986533
58 391.39017234 -9.87152251791
59 419.735736956 -10.3486810561
60 467.966558286 -11.3294670619
61 466.394597779 -11.5056851157
62 496.096877036 -12.4938128881
63 453.346414201 -11.1376175032
