0 446.083862097 -8.09655758485
1 464.994372254 -7.84920633371
2 430.662999361 -7.81959977876
3 433.512995042 -7.85614358361
4 424.913587 -7.55687289099
5 438.273330463 -7.46542790666
6 418.032823922 -7.60939938435
7 372.626999633 -6.72409882249
8 472.95131067 -8.5686043591
9 417.948577267 -7.70281127294
10 442.998263963 -6.70991529713
11 402.912859244 -7.56405801394
12 477.428819017 -9.16875073259
13 386.758835914 -7.01628515194
14 503.099292325 -7.42103142693
15 428.452467774 -8.01713743349
16 437.595210839 -7.40473327279
17 403.886293287 -7.17967394509
18 474.323879188 -8.83460446389
19 430.912997554 -6.98628759519
20 438.413463185 -6.94917898279
21 490.192891256 -9.02817974062
22 414.333217453 -7.53629953026
23 426.539310435 -6.88807817607
24 446.716892899 -6.58783349688
25 502.608413092 -8.02767058004
26 377.708419781 -7.20551656097
27 504.546876059 -8.8288404531
28 399.474748188 -6.62060637273
29 468.599991268 -8.09603407665
30 453.380562602 -8.32726582628
31 395.765007434 -7.39146913616
32 421.918580145 -7.59987180089
33 330.344102044 -6.68901676207
34 437.977004918 -8.14649507509
35 459.1631323 -8.50229505345
36 422.395629592 -7.52441505864
37 401.009925287 -6.92578330304
38 481.312101908 -8.00373711526
39 421.573071512 -7.86948078724
40 460.514850264 -6.89622706714
41 396.994142353 -7.67054732959
42 432.71100002 -8.23799205202
43 432.62521923 -6.60464859931
44 439.058836376 -7.33985620986
45 496.074184795 -8.91315493097
46 445.656732644 -7.478059076
47 377.180727442 -6.80904171932
48 361.530714025 -7.05396619943
49 400.167572171 -6.65733729391
50 357.745839208 -6.46684149514
51 445.893760496 -8.58472127056
52 365.195585029 -7.14883989537
53 399.665730383 -7.1801724299
54 428.497614042 -7.79169137381
55 401.710668822 -7.97409492789
56 404.318127114 -8.1008309903
57 421.969356278 -7.74225834491
58 411.255123503 -6.77797327417
59 390.449702388 -7.86096331428
60 383.501282665 -6.75894636932
61 381.295295987 -5.85141415541
62 408.16145109 -7.4713306074
63 386.486487631 -7.42306577789
