0 429.70937263878386 -9.413244083175305
1 376.8025676661808 -9.59334234534537
2 433.1111135764201 -9.668811947811744
3 407.42942124820667 -9.019221226368419
4 376.41770194377096 -8.31113427717757
5 443.25891288380444 -10.1812533312635
6 413.2710947562323 -9.199621338383519
7 417.10871158030875 -9.538935210001991
8 419.9643244571397 -9.396223174476722
9 476.9763626484544 -10.590771492744356
10 390.8731978917791 -8.481942765094061
11 329.42893229318116 -7.772971409029668
12 466.40842748201806 -10.80535713784054
13 384.9964229401379 -8.730376934486138
14 419.14370486864465 -9.206996306231694
15 409.67943304782 -8.961207568770082
16 422.71149583653767 -9.22109838162144
17 440.1895156943109 -9.997767457547559
18 428.4407753313317 -9.695552337771778
19 442.36370261345877 -9.87040229108568
20 403.8902299079447 -9.440605146515189
21 444.1807754601291 -9.778575082245194
22 366.9246004907154 -8.172112980023421
23 446.2642883596286 -10.13402854959507
24 398.16451499285495 -8.648103894931632
25 374.37956916027923 -8.468109276900327
26 419.1961963327823 -9.003299214808491
27 395.4067345171613 -8.78628711517721
28 415.14999470890115 -8.62357225373079
29 368.0083716100041 -8.221027009913163
30 433.54749560819806 -9.180995152848938
31 413.4794866249569 -9.0331676073422
32 427.47846445200037 -9.519059653899559
33 429.87750372398375 -9.58717335033358
34 418.21643901928707 -9.229136729187886
35 471.0481073285199 -10.175981383839579
36 479.7979768206871 -10.293015462381726
37 398.5364696949244 -8.664610640578294
38 468.1741412191572 -9.816909025496757
39 486.4114478661536 -11.061996034523583
40 384.1962497698598 -8.458108009156286
41 485.4488372199435 -10.312283547941796
42 422.13392306135023 -8.692487292007806
43 416.8160198154801 -9.206545010260959
44 400.7239118937796 -8.946498920501206
45 366.9640552183439 -8.276238533844946
46 362.20463635041716 -8.172316807750603
47 397.14300118468196 -8.633159255418878
48 404.7992188131481 -8.693603194508446
49 448.1414736618778 -10.061483672292097
50 486.01765707750326 -10.511485032933814
51 422.3856936736435 -9.139678766114882
52 352.1038538103831 -7.983235994166404
53 370.52221797433094 -8.537467426612531
54 375.6247402516622 -8.386445363974083
55 483.789070985304 -10.265756142508359
56 416.50793312155724 -9.60505701140713
57 428.3084009106659 -9.300692143736985
58 368.2862109915486 -8.209272914714195
59 410.39940849276894 -9.251448852405698
60 396.0290533781916 -8.690641871325793
61 369.45576877233015 -7.933481460010697
62 425.653820974892 -9.576249460272999
63 414.86518986416166 -8.927072836901976
