0 559.3815019464819 -12.034496599324621
1 591.2055467187374 -13.502580960672246
2 582.0743167690963 -12.077593628573329
3 487.7928957944826 -10.541422404295455
4 592.9662287522067 -12.632168955256988
5 559.6215578229716 -11.809692586212064
6 575.0969841261799 -12.131645631490263
7 543.8853247781149 -11.78089728455679
8 635.5823087484532 -13.609096657798705
9 581.7116418850699 -12.24536118859986
10 656.9333841316395 -13.258413258001568
11 623.6472260892297 -13.100247634213483
12 505.2399054301468 -10.98435737826879
13 596.6452802618319 -12.766842010460557
14 629.5685563143778 -13.370596766029056
15 479.4535408010878 -10.32319781615469
16 495.5443775371375 -10.339811939204385
17 529.0435491715651 -11.202642110300445
18 558.2706001350177 -11.61851048606922
19 604.4108299603241 -12.730823482113971
20 559.7052716133625 -11.721742468209394
21 558.102566812453 -11.88723057989439
22 537.8828522199318 -11.330681565342458
23 645.1820949774312 -13.854673530482842
24 515.9418593471134 -11.101657480269829
25 568.0193934013513 -11.914639189537606
26 600.2464627256114 -12.18939776509909
27 581.9298192841201 -12.423440059696382
28 506.9419042801375 -10.615784390708933
29 668.4579349945654 -14.217800543602484
30 670.3746901189589 -12.917945049003993
31 546.5543930465957 -11.652884889562014
32 567.0379838640055 -12.02733629002745
33 488.76082065412237 -10.09459424432542
34 640.0901478802431 -13.326303265333586
35 477.8732871447312 -10.284371083316605
36 None None
37 654.0031753881557 -13.965009109563283
38 547.7583617666081 -11.513407702022725
39 646.1849064252342 -13.375609297496975
40 526.2234255345687 -10.897425642359586
41 534.7375894524075 -11.151053308906835
42 None None
43 579.4846071528741 -12.448367876511634
44 591.3458741645157 -12.292457441544359
45 524.5336300330439 -11.170536085910864
46 None None
47 530.136152438029 -11.500217946319692
48 568.6400982174965 -11.943258606529314
49 568.8534097069836 -11.603100431635314
50 522.5164519786483 -11.141246105066914
51 451.4320277774293 -9.56316067418086
52 537.2497596701751 -11.443617300195488
53 519.6095074242244 -10.729943036633324
54 495.0953814725318 -10.455455918663025
55 532.5943192292075 -11.303732706977895
56 439.03583240722713 -9.500477281823049
57 653.4788588092488 -14.141203978142219
58 572.2419880905107 -12.160491802178017
59 567.666153728642 -11.976660936223483
60 489.3984552638994 -10.17592245829704
61 584.9013125141123 -12.35109574177334
62 576.6063962383254 -12.365110556026435
63 572.7858775081083 -12.17577356945249
