0 515.1873037438005 -10.725932707972648
1 431.7781765869991 -9.621936727541598
2 457.25347371726116 -9.249343536944114
3 443.48482323819394 -8.66676542100945
4 502.13319262161247 -9.793635906538618
5 431.2285125892996 -8.742331035928784
6 459.76059684269023 -9.376049604073211
7 469.6002089720913 -9.989919704571696
8 455.33507028220345 -8.949293468386799
9 544.3688693027248 -11.358773784831618
10 467.8470959123673 -9.440683169166808
11 455.301919940693 -8.996867550547643
12 473.6032670504369 -8.964775675331522
13 511.631709726836 -10.396931524879033
14 438.8852352718268 -8.800748826490079
15 487.7003605244337 -9.82656318182683
16 478.5053247054434 -9.59240759705029
17 498.28992428701986 -9.952745576010333
18 430.74399837490273 -8.603936248256884
19 452.8430567810787 -9.372701925131556
20 472.73075371683035 -9.684807408481234
21 451.9936376365811 -8.94451065936608
22 461.80908721520916 -9.102202304831351
23 430.14339263537937 -8.628933862488381
24 446.22102027428434 -9.27148457302725
25 506.8435046989159 -10.214004769003648
26 434.21098003268736 -8.644403091821893
27 476.73178959321604 -9.659461617410452
28 530.976531178317 -10.289104915564666
29 420.476522458539 -8.449295765753055
30 442.91750412136105 -9.058220772422032
31 448.4538977928777 -9.123302365416478
32 497.37459678658655 -9.64924603960266
33 479.4847645323113 -9.64676865845307
34 442.7693602707326 -8.919619566534333
35 450.95616070268875 -9.421337307380487
36 456.1118948994612 -9.166891966577557
37 385.57837709699777 -7.567209241332071
38 493.547295221068 -9.977121684823212
39 508.3497139525234 -10.075209686721292
40 463.21036748225174 -9.39463581355067
41 447.1714949828161 -9.215920188448894
42 497.11585064934354 -10.140307516426276
43 423.19223651618694 -8.427486868541674
44 440.334558361698 -8.43128389643678
45 431.6613742552648 -8.644101634621164
46 432.3014874689609 -8.58759500180614
47 492.75239075312413 -9.983925697957716
48 432.2935106122004 -8.432852751907921
49 476.1682311900529 -9.128113881063154
50 402.8833676645927 -8.060876857175097
51 447.2817714548637 -9.06077554252242
52 480.7791690895316 -9.315340355746052
53 429.3409375243837 -8.636784211243931
54 469.4085849733027 -9.518941977972826
55 512.4219523769368 -9.641734786490625
56 498.64687498084436 -9.608873139783913
57 437.84115759491453 -8.80691872406157
58 461.0049967330284 -9.38912973185093
59 451.80269258962454 -8.949013788364129
60 477.9210837926939 -9.642654201699372
61 474.85207503338967 -9.597373162772156
62 470.3488568931883 -9.309301012223775
63 445.1455559858995 -8.624010758982347
