0 514.301507672 -11.4769110351
1 399.858349101 -10.4176765952
2 427.234520386 -9.58515479899
3 397.519333249 -9.28059580187
4 500.399071408 -11.1568861665
5 473.864083382 -10.9328144913
6 403.458754758 -9.04752877697
7 404.480959187 -9.39418091447
8 410.272604944 -9.24587599263
9 443.389599496 -10.2281343435
10 400.72836696 -8.88905733353
11 420.226455802 -9.65278086161
12 430.190109088 -9.89414864899
13 420.027832457 -9.38592457798
14 438.220715835 -9.66645898994
15 457.694463117 -10.3623282655
16 482.743941097 -10.8378282479
17 510.496444147 -11.3682288705
18 488.736377081 -11.0479733241
19 523.479778661 -11.4871706445
20 488.840584609 -11.1342620709
21 425.689752189 -9.82878480275
22 476.567715854 -10.3618886391
23 401.522574454 -9.38791530643
24 490.92070114 -10.9493877735
25 495.517972524 -11.1713940558
26 407.259691027 -9.22183700404
27 488.850842161 -11.1447318491
28 442.589875227 -9.51067454755
29 468.580312041 -10.7065838437
30 419.629396917 -9.63875660807
31 474.868187773 -10.8021209371
32 462.321662371 -10.528749228
33 360.691224539 -8.57885852443
34 451.416667155 -10.0952009008
35 442.929280694 -9.96879942344
36 490.079997808 -11.0479864298
37 453.551709322 -10.2756476748
38 457.583763184 -10.3919656876
39 399.506742607 -9.19868259159
40 438.752828508 -9.54656411026
41 395.737590714 -9.37380273836
42 438.219035447 -9.78543919008
43 487.447074894 -10.7553139054
44 454.337055916 -10.0634429423
45 490.976315747 -11.0861474756
46 439.289839086 -9.83890574037
47 405.283493394 -9.26668620899
48 496.482775468 -11.1552989303
49 506.45868716 -11.5983879226
50 502.575843795 -11.1260503105
51 457.565627984 -10.7152911742
52 388.08000488 -9.02955363342
53 412.830012159 -9.52151366287
54 508.189756095 -11.1527967203
55 437.92853213 -10.1533090815
56 444.385119399 -9.89747188564
57 464.749793368 -10.2890581621
58 435.63590391 -9.64177279537
59 471.994664591 -10.4666751204
60 502.020910529 -10.8093246048
61 388.555774378 -8.85613162911
62 442.174914961 -10.2228206331
63 526.613257386 -11.7307026969
