0 439.6020205345708 -12.467137442824752
1 471.257122072149 -14.73562251321049
2 485.09886806883986 -13.923650599733019
3 408.1074153982043 -11.603960249250555
4 460.98727971191016 -12.845955083541492
5 476.77264117014886 -13.613386411257093
6 399.8905599464639 -10.946916764777667
7 455.52727984654587 -13.224697720111386
8 475.28301526637296 -13.215013930421607
9 454.74409138314854 -12.618401427022144
10 458.3989698856696 -13.054089054662352
11 507.40836483365155 -14.861132291301875
12 470.9961582860225 -13.749113204130092
13 473.0167072865732 -13.368493277973675
14 449.39029562775016 -12.908676078483282
15 513.53335585815 -13.896729353620312
16 496.4403817630928 -14.195225038248578
17 444.3384951069718 -12.919752882712595
18 463.79210459669787 -12.819479238063625
19 459.22688096209725 -13.26083856872258
20 392.21268361770774 -11.697879400581025
21 406.4316236915709 -12.117405214369416
22 466.5490124763238 -13.779327173112762
23 431.97661944800853 -11.962844619140188
24 501.40014948796147 -13.98902678990989
25 454.59391972429694 -13.21824205414314
26 412.7456703635544 -11.827672725470638
27 497.2958687776544 -14.17351007367784
28 418.63366455540177 -11.825429085837943
29 439.6677332041387 -12.762555727328216
30 425.14949791262046 -12.100579525002875
31 428.5301940874205 -12.135720694553335
32 422.8539538218681 -12.140053784455024
33 434.69613507859344 -12.415760686964592
34 530.7071463194586 -15.07411023145662
35 461.7128931799501 -12.77217469578662
36 485.6124989045676 -13.889729736010306
37 514.1678216742782 -14.861610051932912
38 450.0988494608167 -12.511294692699865
39 421.57199383620735 -12.080412095449505
40 366.1449434857567 -10.706925085448772
41 464.18438980588644 -13.637390414731893
42 448.37758637289784 -12.385049113023694
43 484.56300933480804 -13.643109287996886
44 389.5576254759875 -11.13140642198389
45 464.28777279106674 -13.727825522878947
46 456.93134440363644 -12.814039699087981
47 484.16241628966714 -13.631488424977594
48 422.061461172865 -11.77386707678558
49 496.08530974144685 -14.011693345513507
50 389.2292696582692 -11.211913001724865
51 445.1257815394307 -12.831616104968802
52 486.85175995351534 -13.413804447682
53 452.11232927344014 -12.684287942586495
54 438.6721275124068 -11.984712873940646
55 433.95252885753655 -12.727237363327138
56 470.23163086177476 -12.897762332910665
57 558.399644381425 -15.29185618524365
58 474.0361636134635 -13.194619893576588
59 390.74651677082954 -11.26741897683576
60 408.3165168396514 -12.030086578290197
61 432.80629182396916 -11.701664930046979
62 449.40847841872113 -12.368761551450849
63 423.69477587723526 -12.381210298978813
