0 453.795947119 -12.3746713097
1 446.548235995 -13.1605687788
2 407.227481065 -10.8795198534
3 453.308853674 -12.6383765445
4 456.584063926 -12.0679332262
5 461.107448214 -12.7654381623
6 485.435547086 -13.0178838188
7 511.515054933 -14.0513276347
8 416.137250486 -11.4039315419
9 464.558854176 -13.0049962316
10 437.172152571 -11.8262108332
11 426.744562431 -11.6896797222
12 461.988342488 -13.3875045106
13 444.787744345 -12.7293489366
14 508.794392833 -14.083308248
15 487.247468623 -13.4380820465
16 482.615740366 -13.278978634
17 428.822562817 -11.8479476052
18 498.881300038 -13.4150055299
19 467.316340873 -13.1073988626
20 478.475080682 -13.1681148747
21 438.868789115 -12.220100571
22 447.725849771 -12.1722675731
23 473.011934943 -12.9188875951
24 470.484224723 -12.7627154609
25 533.612415525 -14.4755400199
26 409.73207797 -11.3577982764
27 448.357250619 -12.7892030297
28 502.633698966 -12.8571758651
29 428.827439337 -11.9147765806
30 461.678140753 -12.6309238014
31 487.984439695 -12.9112796689
32 441.779500783 -12.241911052
33 562.697772196 -14.804987332
34 397.666247333 -11.1094659561
35 562.327207658 -14.9782805151
36 471.432465754 -12.8424516037
37 493.161238976 -14.0762973571
38 483.01088728 -12.9998320228
39 580.27704119 -15.2801490228
40 431.367464875 -11.885666426
41 486.064153826 -13.8649169033
42 459.772328685 -12.3762828521
43 384.950372446 -10.6188906008
44 451.228331876 -11.6971856985
45 425.299602304 -12.1743438604
46 470.856379216 -12.75919445
47 480.699157087 -13.5816253184
48 499.878366458 -13.9452686624
49 514.802206085 -14.1969100192
50 505.90106168 -13.5100364148
51 491.398473736 -13.1986311052
52 540.979140599 -14.0044865661
53 497.731020476 -13.2591882949
54 561.460093788 -14.6866348467
55 500.392201836 -13.8408467129
56 502.0919035 -13.3063156116
57 414.693286518 -11.5969553951
58 466.48331321 -12.6274842042
59 478.657448175 -12.5717384715
60 458.222426738 -12.5477850179
61 447.380614985 -12.7972961029
62 385.531525531 -11.1357907816
63 560.115650251 -15.0470581351
