0 444.84914713252516 -9.504514289928725
1 496.4211840967521 -12.002873954241506
2 451.15837758380644 -9.580588669934935
3 457.05475874520135 -9.999027740029703
4 479.26242621730006 -10.079817892927354
5 541.2710181549813 -11.452790148469633
6 536.597362357959 -11.34067203958635
7 574.8480090867848 -12.170617293435662
8 528.3493270459016 -10.891584288305443
9 496.6715466394845 -10.63351126123027
10 580.7992752838629 -12.111058646644523
11 639.3630671599525 -13.497922258733997
12 558.1366630127478 -12.282607261719082
13 478.9764204253906 -10.507726836874262
14 541.7251953408238 -11.52956513714453
15 534.3842535003132 -11.332166468744765
16 510.0781305067532 -10.866234342980142
17 523.6991039370546 -11.110523917905248
18 484.0071671661716 -10.683962724429897
19 491.44248961709474 -10.625939748523226
20 500.87887290735057 -10.964794194474505
21 488.9427852738037 -10.50621814826454
22 495.4165280766123 -10.443465699810664
23 533.5859567091934 -11.581602765781042
24 515.457166733719 -10.806999067715267
25 506.9421090899685 -10.470913415262888
26 519.2941465799813 -11.216160252892822
27 507.02684022640244 -10.70977022556488
28 504.0414258710064 -10.418629817428718
29 478.3131572014552 -10.206762627230251
30 528.2834450415205 -11.196816202364529
31 501.3738076141536 -10.732666497489753
32 542.6115689858614 -11.584336853219389
33 506.8722364552974 -10.907831284168216
34 530.8975304261824 -11.169812412746777
35 532.6346533930226 -11.418778014199289
36 582.43541575518 -12.113038087716392
37 482.64667472842353 -10.588535141933683
38 525.7930308023592 -11.459649386433396
39 513.3929227872247 -10.688983867625916
40 657.240078502641 -13.71642806998183
41 527.4260390196844 -11.39931177063852
42 516.0781652441963 -10.749732932906873
43 543.6832488636517 -11.275328278881808
44 479.8086613412704 -10.275176784003607
45 564.486991689131 -11.390274528940644
46 535.7603555844963 -11.496702273686273
47 519.1610464149999 -11.195160504162613
48 537.3308788789959 -11.234714798949934
49 502.91776285361414 -10.612597738118696
50 538.6118601518166 -11.499680804757784
51 500.93391036102935 -10.874062473783427
52 607.4594514097889 -12.43900023468386
53 521.6921178615746 -10.916069127171394
54 553.813195540476 -11.609935361066215
55 502.1740153190918 -10.810829509285133
56 438.8114441790519 -9.33766868385146
57 572.9292402943463 -11.820520311702385
58 524.2869855685979 -10.964701529843076
59 527.076701574418 -11.35971958739291
60 492.5892913253681 -10.357466544733063
61 517.5565791837279 -11.133931653902094
62 544.2436428242816 -11.668315475720195
63 521.1771090953195 -10.850797353076258
