0 417.5998025192996 -10.316555513440196
1 448.45665167818044 -13.089345208586003
2 484.3383916537403 -11.998843038616707
3 457.52109064662153 -11.985708954347285
4 508.3948340421321 -13.047798012937713
5 509.84548997081276 -13.135449266770479
6 355.71481933616013 -9.273947573499699
7 490.45555639584535 -12.394308672558754
8 476.9174988110318 -12.171044875119952
9 408.79464876798284 -10.476576492656351
10 375.6572405980993 -9.778030735001153
11 416.53548816187555 -10.872925938548684
12 491.657981485811 -13.530549449064376
13 473.5765431581323 -12.601910427811594
14 427.50564644684164 -10.88261728790087
15 453.403815413917 -11.554836417988938
16 477.8279101991776 -12.63320222611345
17 452.27590875027 -11.664479557426422
18 452.4445044190407 -11.52864084091125
19 426.9201083243706 -11.323382431802667
20 440.7234483933781 -11.778343735474209
21 525.8132956673553 -13.376627385792931
22 392.9614365126735 -9.961149316241102
23 427.9733827863515 -11.081865212361036
24 547.7052616295415 -14.155695671613405
25 482.5332640849634 -12.507553076879672
26 544.5407294807906 -13.605654782568102
27 456.72318256092615 -11.921895126866335
28 525.0756342984447 -13.063370172485257
29 466.70866982135135 -11.870355954458114
30 520.6767643390723 -12.771596700505334
31 537.7488976759425 -13.6911070047598
32 433.68863640617747 -11.147112836060064
33 410.0065681555455 -10.739563897509
34 461.33895297326836 -11.51564722979914
35 499.6041504997264 -12.327506039697827
36 430.3194045541094 -10.85410584861938
37 477.55029367311255 -12.106420553059703
38 439.7389687768195 -11.296338363767141
39 430.36448281921344 -10.797874966464216
40 465.21469841773626 -11.682765732253204
41 523.6361761962057 -13.559622219272487
42 417.6440870748966 -10.673172380919354
43 426.96118754306065 -11.088105106523042
44 436.0894900937313 -11.294556994890964
45 414.2285989807399 -10.538347322409441
46 428.6111655643256 -11.217095591605023
47 447.98736255772104 -11.807696703438145
48 449.8502356686809 -11.739843030365519
49 429.0875319331719 -10.929177880613878
50 396.1023053393417 -10.071793873201747
51 476.6450754686817 -12.297092743423871
52 465.9258923412024 -12.013295663825277
53 498.4715097743311 -12.671355641285443
54 389.22668127517096 -10.139551591322526
55 412.2168456507604 -10.799641655770067
56 393.72608431692515 -10.44443516903507
57 461.0018115106207 -11.592189001764172
58 466.2522841223695 -11.918916310709164
59 472.29681793604954 -12.16582197058781
60 453.2720365763066 -11.218558680143811
61 462.54476041651543 -12.234795763303286
62 432.4602559355268 -11.472580234455103
63 523.8104045532478 -13.31285015707317
