0 556.605392825 -11.5122119358
1 524.547226598 -12.2423565918
2 582.628026048 -12.3328667004
3 616.586142829 -13.0495710313
4 559.096031226 -12.1579491991
5 555.789366942 -12.1488529003
6 575.299826827 -12.3404430015
7 615.588885334 -13.0754422762
8 493.871736747 -10.5884727601
9 551.894574807 -11.8631154364
10 552.89561711 -12.0238549295
11 481.478578194 -10.104052256
12 608.46787127 -13.3236183775
13 627.627892035 -13.7113189481
14 518.110965401 -11.1122720461
15 459.550261852 -9.89358119839
16 545.313301988 -11.4252330473
17 550.478036058 -11.8239526144
18 498.178605207 -10.7233200367
19 551.632520358 -11.9593680089
20 567.589499153 -12.335652754
21 463.678003172 -10.0276371303
22 567.048929854 -11.9673475993
23 622.119893175 -13.3043145098
24 567.553952348 -11.9205197884
25 576.196841368 -12.421824669
26 609.634835156 -12.6977985839
27 553.4741372 -11.8748761277
28 557.348212996 -11.5242721027
29 598.578671593 -12.5928048914
30 562.479734509 -12.2140262727
31 604.294047403 -12.8896429138
32 618.496427369 -12.7380683878
33 545.569284613 -11.7970953835
34 528.539714719 -11.0422715798
35 591.691427876 -12.4039477424
36 548.60007395 -11.546374578
37 492.061866788 -10.8421860089
38 576.776710252 -12.233788228
39 615.218245333 -13.167924858
40 584.968690261 -12.0828578638
41 577.274125692 -12.1629986096
42 466.902791993 -9.9468837018
43 518.743396883 -11.2185053268
44 523.623817101 -11.0655708505
45 561.686710772 -12.2344116823
46 525.230908999 -11.0905733905
47 482.818389594 -10.6355251008
48 None None
49 516.105783877 -11.0775535599
50 541.005766064 -11.7046337555
51 514.534677698 -11.1416177287
52 517.082800035 -11.018618147
53 565.351295051 -12.1077453026
54 627.153369787 -13.3443429792
55 511.508540922 -10.9798181109
56 478.147942203 -10.2418017025
57 525.638055233 -11.3807004194
58 530.282667642 -11.0991225245
59 601.321882955 -12.729846721
60 560.582050782 -11.7582614712
61 476.299864026 -10.3346909124
62 552.694201496 -11.6595808773
63 619.979454906 -13.0247644028
