0 399.20633249537167 -8.713919615363706
1 360.72509513394556 -8.505575405547072
2 391.6757787797595 -8.858282374705727
3 364.50183019245895 -8.324730240808774
4 326.98263689198717 -7.246947817692845
5 395.7673014935904 -8.585635727633461
6 346.29025346218185 -7.879295961715658
7 334.5935894571558 -7.56589855718028
8 324.4592027491472 -7.269798223607367
9 337.68616515255036 -7.376878062255864
10 327.9971765767131 -7.406319711541319
11 387.68382363542173 -8.4369963877127
12 399.4894292337584 -9.225839180900774
13 399.8045348663742 -8.815615813404289
14 414.1442943105682 -9.087211842802963
15 389.66399030318297 -8.726522850913527
16 356.5920975792339 -7.581512703848003
17 380.3402744639459 -8.504994138019072
18 383.63031395289835 -8.653660967173089
19 328.40948990870925 -7.583246332895309
20 375.9189391042121 -8.343376220422984
21 365.3962476347695 -8.070375760283607
22 353.07341383145217 -7.726898506612711
23 341.22754883641875 -7.512621046590001
24 357.0369263121549 -8.089495177583334
25 346.88993497540804 -8.071223331799512
26 302.6510981478816 -6.78159319740843
27 407.71684206433235 -8.571739822562842
28 405.0526802560426 -9.000364652241183
29 364.43587601252216 -8.365142860198446
30 373.25252248041454 -8.468414053530012
31 349.0777391928645 -7.775157312927694
32 400.4421330236259 -9.091249871086182
33 322.21896050198774 -7.4998038197267345
34 397.92379509945647 -8.973553727271405
35 331.40886307649095 -7.692713154499971
36 370.2116436114008 -8.187676129347805
37 422.3958082239487 -9.489912333279975
38 350.5558958480272 -8.138933963712104
39 374.78175331886257 -8.15771821039436
40 391.97311124028784 -8.823655926332082
41 383.3165273213932 -8.392432923161136
42 342.9215945115884 -7.548561508733863
43 338.8899205214782 -7.768291211568137
44 347.3771183222922 -7.594913432772288
45 420.6283922598295 -9.52977166102626
46 408.03525685291396 -8.697153188218294
47 395.4560666261191 -8.816949272528134
48 399.4525153785064 -9.141605217258984
49 409.0985675283425 -9.403633009452856
50 407.608791030154 -8.709815278254142
51 294.743588321455 -6.831697635974841
52 347.595271027982 -7.937236303590561
53 444.46429391158057 -9.000659215325982
54 391.8427975852483 -8.571320250223431
55 296.0210129203917 -6.880454939948706
56 343.53419044110416 -7.756053859836377
57 337.47637240546896 -7.662641124947027
58 417.2156311232863 -9.470207821131469
59 426.5769312374264 -7.346737159647429
60 397.7349518744066 -8.683062413221624
61 361.71967443448557 -8.15291441165498
62 348.5897241526188 -7.913541332315837
63 403.0718887027814 -8.967454520316972
