0 543.966166796 -12.1869345038
1 584.973297991 -13.9314513422
2 642.099399876 -14.1071791438
3 531.560658138 -11.5370169962
4 683.146302093 -15.2426676125
5 526.295055926 -11.7453575039
6 525.208815935 -11.5324163323
7 677.371289471 -14.6708992549
8 745.182699663 -16.185030314
9 675.327604663 -14.8444233506
10 628.749585546 -13.8520993724
11 615.145785581 -13.2922366898
12 759.655972761 -16.7174996336
13 618.883913232 -14.1399912995
14 615.386898001 -13.1220454647
15 631.741268801 -13.8341925475
16 646.558762587 -14.1495582537
17 651.893690321 -14.0052269429
18 582.62339612 -12.9653712505
19 649.504651736 -13.9973806329
20 636.475521808 -13.7949631669
21 664.300708124 -14.6657490227
22 673.79819988 -15.1519369135
23 642.100343439 -14.0935702004
24 697.830877838 -14.5676011003
25 666.539237058 -14.5541508148
26 688.286491189 -14.9560548492
27 672.854502414 -14.9320559996
28 623.98372373 -13.2580627649
29 701.750718024 -15.2771921459
30 668.80364039 -14.4882596763
31 617.951265016 -13.1180091473
32 621.887085128 -13.0542348404
33 645.935634087 -13.673432855
34 546.491196908 -11.9649176511
35 592.791543001 -13.0972181057
36 831.922712554 -17.4864523847
37 544.211430703 -12.2830729224
38 569.119179535 -12.2115808975
39 555.23890452 -12.4391696371
40 676.823075569 -14.5084459142
41 565.484477592 -12.2509891232
42 562.355584847 -12.5012357609
43 588.850829627 -12.9535730167
44 623.306738342 -13.4094921089
45 598.420770655 -13.5643479546
46 627.934923827 -13.6128660258
47 624.302355463 -13.647236919
48 631.041915209 -13.3402823862
49 690.221680941 -15.448558816
50 659.090793191 -14.012206194
51 591.936886625 -13.0824174664
52 549.067599429 -11.9850222298
53 625.535412527 -13.2234924539
54 680.665481437 -14.6101538143
55 634.535298659 -13.7700112138
56 648.580330931 -13.961054929
57 536.73134349 -11.6260686219
58 620.506649383 -13.5787540198
59 659.650333286 -14.3527960201
60 678.995450665 -14.6086136883
61 605.328146952 -13.4157169323
62 659.39794417 -14.291806423
63 646.890347849 -13.619072678
