0 418.540538463 -10.7569534941
1 436.579043723 -12.8904288495
2 405.593742178 -10.7168915106
3 433.042203668 -10.8234979709
4 454.733469189 -11.6958437042
5 400.652374307 -10.3811156457
6 404.19306082 -10.7107812437
7 363.045421394 -9.44632808561
8 441.767951874 -11.6035093683
9 440.852753975 -11.4453191691
10 387.859087159 -9.82459297163
11 436.20207769 -11.1667978532
12 430.620905918 -11.6034393594
13 387.373825849 -9.91648194097
14 556.027970709 -14.1462641356
15 456.595937942 -12.0710991511
16 437.014433465 -11.0018853151
17 351.627336481 -9.44698613577
18 428.186766319 -11.098118285
19 524.546232026 -13.3947396575
20 416.579032739 -11.039932766
21 451.906464558 -11.9158816454
22 386.380695119 -10.0119928086
23 452.872501281 -11.3435410675
24 401.578944884 -10.5995874689
25 413.137292351 -10.9506271871
26 440.282993991 -11.3138585874
27 437.866423529 -11.0392309032
28 442.256607307 -10.6114718392
29 367.790334855 -9.63844446825
30 434.36311882 -10.9192509838
31 354.741485992 -9.13218378621
32 448.413166839 -11.3051955061
33 436.123609135 -10.8960020214
34 380.38645607 -9.52197631928
35 402.392028579 -10.3493566754
36 441.467001293 -11.0259863976
37 378.335223919 -9.96124978161
38 389.656650264 -9.87822751513
39 455.34815658 -11.3641991412
40 367.63082576 -9.20474113986
41 421.431913138 -10.861447726
42 442.438434057 -11.4901428196
43 358.580398862 -9.188039865
44 459.682499445 -10.9869585408
45 375.389298255 -9.8896591745
46 326.452960723 -8.50277354926
47 393.965901715 -10.2514806267
48 448.014981738 -11.1449034421
49 410.549725601 -10.3890697438
50 378.714029521 -9.80097735916
51 419.296170524 -10.7328514249
52 350.948897219 -8.83807875299
53 501.037193779 -12.9985363788
54 448.946336985 -11.1303200007
55 445.910336029 -10.8153476296
56 460.126402694 -11.6094440243
57 429.213656084 -11.2892515734
58 423.653045656 -10.6446261908
59 380.898212619 -10.0261472882
60 406.078657599 -10.3199801722
61 409.096014006 -10.7440939045
62 489.87915479 -12.54768765
63 496.281873813 -12.3611282341
