0 471.55179045037823 -9.603894868177305
1 463.30824325570404 -10.456860283708165
2 508.4562670295994 -10.3437756155042
3 473.99996401366366 -10.181255373230572
4 445.32700652682627 -9.253251594074962
5 513.8390747834162 -10.302349290183294
6 468.8704815403382 -9.701314892138543
7 475.646251663064 -9.592680066545189
8 519.8445791083603 -10.502841630303127
9 499.57087349892066 -10.180343916079405
10 505.3867246605229 -10.161126335031575
11 495.65263087493486 -10.21548122977652
12 592.1852673077449 -12.674476987475602
13 445.84630551466506 -9.338122842066646
14 440.5250804597274 -8.977975598126436
15 522.96894575274 -10.747788982562085
16 426.44726667715423 -8.5717969234508
17 466.78870935164554 -9.504526066769706
18 480.95753638791405 -9.96226433048584
19 478.2359730046358 -9.959310428818915
20 488.53836613104176 -10.131329053176714
21 463.8768145597939 -9.427694062941763
22 450.4714997462545 -9.21727289567177
23 540.0738139333528 -11.404069607885146
24 485.371199801798 -10.036264655445335
25 424.14699604274506 -8.786552546218742
26 453.9844191561824 -9.342700149178167
27 489.86419054940944 -10.072024210754634
28 432.5888923783271 -8.413309300580078
29 444.1040595044007 -9.065201691376343
30 516.1663738111034 -10.602151966409465
31 478.3435649984168 -9.698170227609525
32 429.29564220875346 -8.655672887211372
33 455.19028935715676 -9.313642059659019
34 460.00858845447834 -9.175831382909884
35 510.86099229278545 -10.324678408854835
36 407.87326600895966 -8.361737108189763
37 595.7810917229194 -12.285651924529892
38 494.3656883030409 -10.018251492698415
39 449.9566131848523 -9.389258518918831
40 399.3734869384775 -8.247421850861413
41 464.1439012276189 -9.391172354583468
42 413.77711127483053 -8.614548541568752
43 497.34894627246183 -10.374351128823605
44 446.25048192013094 -9.288923841673064
45 368.14656898392184 -7.658189459085577
46 444.9130689598954 -9.04850026173721
47 499.49197572370593 -10.121077452242242
48 505.204093610559 -10.260296368283825
49 449.02603544579586 -9.074871688877828
50 460.1023586536598 -9.341225356617395
51 465.06140255429085 -9.504430208903656
52 519.1543088496268 -10.425859228451912
53 430.6102702741526 -8.92250841761043
54 529.8035716173638 -10.806916702130701
55 494.5754422960563 -10.081199590648769
56 520.1423992122657 -10.627488868762606
57 421.51550846662667 -8.731040403714754
58 473.4647684534451 -9.632792257457293
59 511.06855300744604 -10.557653845317708
60 498.9812461054526 -10.207992794172812
61 479.89898907641236 -9.796108593081494
62 454.3890885181159 -9.40049812562729
63 463.2515010103699 -9.337475446433453
