0 379.69663295047974 -8.530592082016351
1 463.51882090021894 -11.625549237191843
2 446.5523122753423 -10.778110288480553
3 390.33177350879913 -8.964034663529178
4 344.8133490170603 -8.093588148830214
5 434.82676552299 -8.5823579031451
6 418.7216538953997 -9.75358716542452
7 446.96340277845513 -10.53446244459857
8 378.41328430638526 -8.799596116098158
9 427.12671209067435 -9.057697274897684
10 382.76194079059456 -8.912313895765916
11 403.66536288408736 -9.478282444689333
12 407.86853601997757 -9.419306613232282
13 493.9260793150652 -10.84428605946486
14 434.5842527973588 -10.17742171793887
15 375.31843376809405 -8.695848189075445
16 431.56623724109596 -8.853111995374723
17 403.09003698810744 -9.068038502857975
18 415.9124357061028 -9.67733849044298
19 353.6276762693128 -8.257763638032912
20 368.9979215427256 -8.509322941222916
21 365.85633044517846 -8.831534857433857
22 440.71085041551584 -9.982829368117647
23 400.3145211786654 -8.871693505330754
24 432.59473076655377 -10.113448555707976
25 440.35529764637914 -10.487754144958727
26 434.73180101982604 -9.742503582075464
27 403.1576768065362 -9.590856501352294
28 391.97608325480127 -8.736112582574751
29 350.90450978860497 -8.074652249715287
30 403.9513653560552 -9.229386377916239
31 457.3573985407135 -10.613763953767766
32 422.511591430497 -9.725809740363063
33 420.57979893597235 -9.442920741321153
34 462.33805041519406 -10.371959109532579
35 436.3707734964494 -10.53301981132593
36 474.5399745992693 -10.86711116241963
37 436.3653355830281 -9.976400674945666
38 383.43814616316473 -8.829955707881593
39 386.6334066943368 -8.045813588427178
40 404.8117607325048 -9.423157397212632
41 418.99079117550116 -9.544908480180851
42 391.1850122394508 -9.199463974708994
43 407.976749452544 -9.09787740103568
44 409.1186584035582 -9.057309649115515
45 399.0586082979738 -9.038733209791044
46 381.562168216175 -9.159550798415093
47 384.9176210574086 -8.741353070288682
48 420.2328713015655 -9.405407991674458
49 423.9480959236671 -9.812722877792734
50 389.743164254441 -8.478661395404359
51 447.19808541884225 -10.020529587328557
52 405.4809696179305 -9.287745603936257
53 427.51222741285756 -10.194486563846462
54 396.4930793435953 -9.109109910646003
55 448.6087778912058 -10.284536290508836
56 511.34765941650795 -11.176363928972588
57 436.0948506896197 -9.852806127721152
58 392.00442155116616 -9.224092815789113
59 429.4637269711614 -10.15318972348694
60 411.57849941129524 -9.560471993868079
61 357.2009961304534 -8.356739876623433
62 425.3007161178898 -10.247356254895871
63 369.8884807242257 -8.600179406542745
