0 514.238182835 -10.7381333278
1 483.283529412 -10.9151019555
2 460.339590683 -9.98831750601
3 506.526330134 -11.0225904565
4 487.333874901 -10.3224365654
5 450.707131043 -9.86961295871
6 609.12906263 -12.3972588622
7 563.239901495 -12.060132496
8 446.015235884 -9.45057872732
9 496.369864028 -10.5697901465
10 470.797414797 -9.78917857897
11 473.941867093 -10.2147995368
12 486.208072026 -10.5960224762
13 558.409504475 -12.2150346361
14 460.076499227 -9.93029628827
15 475.46952128 -10.0116534627
16 489.918374478 -10.0285079023
17 484.804716199 -10.3460050404
18 517.210086796 -10.5870861716
19 433.014676698 -9.47245032619
20 540.859306929 -11.8996262791
21 490.126904023 -10.7023481455
22 464.285407531 -9.90351535119
23 509.101631984 -10.6801174004
24 559.893885321 -11.5849593814
25 432.468659792 -9.36421708476
26 501.407624254 -10.4776729954
27 479.938697371 -10.1451303759
28 486.385810609 -10.6119293197
29 531.197667414 -10.9707606122
30 518.791990318 -10.9298033142
31 478.907533552 -10.1052972898
32 546.114174707 -11.2889221108
33 484.444931741 -10.0283868957
34 546.490961206 -10.7685858894
35 537.324057308 -11.6054566897
36 563.897274433 -11.6779274684
37 511.394863427 -11.0242003701
38 547.746269251 -11.9094462849
39 498.591394505 -10.5065396917
40 508.657748608 -10.9653922622
41 579.96989115 -11.9489124338
42 465.274842852 -9.64678987522
43 564.693348557 -11.8468320773
44 448.098005699 -9.01210543475
45 513.664324191 -10.4830255238
46 563.522828417 -11.1508485502
47 489.909829496 -10.1808295903
48 528.903825091 -11.311780738
49 550.560251626 -11.9089043056
50 534.6380132 -11.1967311753
51 482.568454362 -10.252707456
52 470.899289749 -9.78467050745
53 410.038387686 -8.85265234879
54 547.287089315 -11.7374664723
55 577.26172506 -12.1593120562
56 538.424844974 -11.0157587273
57 519.415039309 -11.2268523018
58 473.789269564 -9.74035448503
59 490.316115864 -10.5304489306
60 456.558909009 -9.42388181558
61 493.782156763 -10.5159610549
62 469.696028685 -9.822739117
63 537.420805445 -11.2356306692
