0 514.13085638 -10.2495124501
1 538.666916844 -11.6310250886
2 524.398493404 -10.3168798449
3 477.595286808 -9.4216514931
4 577.064387053 -11.3173150992
5 547.317010373 -10.92715972
6 582.363904869 -11.6486067507
7 504.881830243 -10.2348976791
8 523.730863477 -10.327176347
9 506.504189985 -9.94388172634
10 511.377626835 -10.2928010534
11 600.267363971 -11.7823454108
12 503.400240289 -10.3711134646
13 574.151498545 -11.5227685466
14 483.695553997 -9.85734797971
15 490.800810961 -9.96400128508
16 515.308984577 -10.0226461096
17 511.761225389 -10.1492255876
18 586.728289151 -11.4019215218
19 437.555959087 -8.63521898179
20 438.320872431 -8.91720458842
21 487.939445117 -9.83807735296
22 514.533289595 -10.0781149585
23 513.886719349 -10.1876601782
24 484.157460499 -9.58664993434
25 458.659031082 -9.06812503731
26 445.919337716 -8.83667360667
27 482.706414134 -9.46349781147
28 495.337018917 -9.4356227089
29 538.690288308 -10.5863299654
30 506.318887122 -10.1611590661
31 472.691416644 -9.5281311998
32 565.787693121 -10.7586797652
33 520.209031411 -10.2602168914
34 616.617730502 -12.0003780771
35 500.989355396 -10.0384774127
36 512.544998198 -9.79358399009
37 562.152088251 -11.2369379813
38 543.723993655 -10.8375305201
39 455.224293161 -9.07981550998
40 496.057849834 -9.79554866034
41 526.45469318 -10.3924352564
42 488.224182437 -9.58315705796
43 513.403678532 -10.3145431093
44 456.027381498 -8.78581578892
45 531.694259317 -10.4839165231
46 566.389712953 -10.8006945216
47 466.392071603 -9.22251244087
48 559.056262095 -10.8727760883
49 439.597097596 -8.95492136196
50 509.215217872 -10.1182106796
51 529.113824647 -10.58421889
52 470.030960101 -9.19536991343
53 562.448760456 -11.1746433973
54 486.298721671 -9.84774376292
55 448.569443454 -8.97925262322
56 518.287151335 -9.95921987161
57 571.963254516 -11.3451564069
58 574.842757958 -10.9860360647
59 573.451459232 -11.1652335653
60 435.296948705 -8.68073904368
61 520.213516326 -10.3374325239
62 582.149204967 -11.3460069436
63 522.888773172 -10.1172428391
