0 572.727301899 -11.348048364
1 641.537898903 -13.8075521178
2 569.403134236 -11.4274135709
3 572.337867625 -11.1256925001
4 629.794016005 -13.1358698029
5 559.609260986 -12.2508193524
6 619.410006688 -12.680058443
7 582.136602992 -12.3176701747
8 521.233498983 -10.9406988923
9 527.828742454 -10.7156318644
10 600.789698225 -12.6654235875
11 543.798291543 -10.5906705371
12 751.347558061 -16.6311308589
13 541.915267797 -11.3776466997
14 519.14368219 -10.9990005796
15 614.64863213 -13.1344235993
16 501.211260895 -10.126064805
17 603.069508627 -12.489881316
18 508.870502116 -10.4558173294
19 520.886494714 -10.2917726887
20 669.570627116 -13.8630610013
21 536.929154761 -11.5388550459
22 515.593995505 -10.8718178222
23 524.302523511 -10.6574335551
24 535.955967516 -11.0115425067
25 499.836613897 -10.601599027
26 508.912948184 -10.7107125123
27 541.024230023 -11.121832153
28 564.228346156 -11.5817719377
29 566.474744271 -11.3296299617
30 582.133840934 -11.8014060373
31 613.375926924 -10.5919243718
32 591.126551795 -12.7560065253
33 486.884979054 -10.1072076008
34 598.834991185 -11.6335626578
35 479.419846259 -9.62481503356
36 619.656860241 -12.4797861617
37 536.899818729 -10.9937659473
38 563.761464203 -11.6456513535
39 499.422114806 -10.4795042023
40 591.541138577 -11.0449934228
41 445.562188625 -9.26906899881
42 590.718500459 -11.2390418735
43 553.360147535 -11.6523550209
44 623.069707815 -12.5764927253
45 506.631104109 -10.2393613061
46 526.488476641 -10.5264291931
47 529.065058316 -10.9379655259
48 606.740640409 -12.2037142041
49 540.280579085 -11.1247789606
50 548.06122283 -11.5768096391
51 586.194832888 -11.8757059972
52 576.904831412 -11.53123839
53 600.513843534 -10.9021714077
54 560.068816402 -11.4947765628
55 644.791987396 -12.6412273156
56 623.639238096 -11.284862829
57 686.682474773 -12.7776702857
58 499.159245207 -8.63520799324
59 642.435371608 -12.5934186882
60 639.900177608 -13.0941833333
61 551.040267701 -11.222231207
62 504.712877286 -10.2821869856
63 588.383727171 -11.7004285291
