0 562.689939283171 -10.8215287430047
1 572.8681833613135 -13.261040638632695
2 573.4902768899418 -11.78690837843079
3 493.84447707053727 -9.75212856419105
4 523.8298896198479 -9.68816191521952
5 544.7990027197245 -10.883839539209372
6 447.29011681782714 -9.395780058522748
7 530.5035826297722 -10.874411674561834
8 552.3037873926401 -11.368428336519742
9 580.5211706352619 -11.010740360408743
10 567.7945363932106 -11.790214953751356
11 605.1242872589575 -11.06421676458631
12 594.2299657827866 -12.534420743824708
13 521.8100310584512 -10.939463997988591
14 580.0955967717221 -11.804335039782227
15 533.8613674394908 -10.375521828086285
16 622.0485729001261 -12.221346554833985
17 562.2750010339628 -11.139058844112746
18 501.89070746271153 -10.348640844202166
19 686.3215356058071 -13.235064216642183
20 629.2956987998673 -11.645470483987028
21 629.56926401555 -12.164513029811914
22 490.82648113090477 -10.366262103993707
23 521.5355016986634 -10.135894155936224
24 515.748149864851 -9.974078304868792
25 510.24709542165124 -10.814551158866518
26 642.7140071318937 -12.571106024667882
27 558.8530012531237 -10.851985063767621
28 575.9063357052165 -11.627706080982119
29 627.7114713265913 -12.385580108631368
30 547.3774017166849 -11.19561736737731
31 555.8640140922934 -11.152765765712207
32 565.0613938204126 -10.94270110811092
33 601.1737780483687 -12.283615722232314
34 584.4744539952834 -11.79682420760744
35 502.34743303453763 -10.240601584102333
36 505.1807911086579 -10.461637381578802
37 541.9854313465514 -11.199294953384312
38 516.9064455398168 -10.555099164538412
39 506.42633189085393 -10.724328462124152
40 516.3123580407997 -10.773652144145432
41 481.2981829327503 -10.090281093029807
42 618.0521160161242 -12.57798931834489
43 513.0219487664576 -10.304258061471966
44 588.5369686979627 -11.543243813280624
45 593.9923550879374 -11.68872066277967
46 524.0735832614256 -10.63090540956056
47 537.1473313676697 -11.220506332023847
48 526.4662465606787 -10.564464793121488
49 635.6758077683936 -12.664702961283522
50 559.6865423930407 -10.359555181728153
51 529.1802957306488 -11.20492492192642
52 556.2972863229944 -11.317644640166217
53 548.0898725315949 -11.09010403951788
54 642.3873948250822 -12.02088001729396
55 639.0353452060557 -12.181165244622367
56 626.1390316105247 -12.598925887441027
57 488.0282798903198 -10.227803687704302
58 549.4271891924234 -11.362660484115041
59 593.461462873811 -12.240171194044912
60 561.5834013102404 -10.277672943779821
61 492.7711908049475 -10.444862771563448
62 547.4244995909261 -10.99768853919769
63 587.7371573387127 -11.714880997029018
