0 620.816119024 -11.5502949558
1 628.034660573 -12.6923442408
2 599.478599521 -11.4476624457
3 585.271269194 -11.0841862894
4 667.832573135 -12.2132365571
5 556.174625789 -10.7563841273
6 587.531726318 -10.4752609461
7 602.720513956 -10.505679617
8 640.088459515 -11.4913091558
9 554.201055613 -10.4356887336
10 616.717248113 -11.2639832695
11 668.038159401 -11.8260392379
12 652.255032691 -12.1287728921
13 593.522126017 -11.4243370749
14 607.198543386 -11.356643171
15 573.642755889 -10.5286285395
16 663.239271002 -12.6650184614
17 544.925845312 -9.85240241717
18 657.237679032 -12.369918124
19 602.428634119 -11.056457724
20 584.345045111 -11.0053702194
21 716.201088816 -13.812482173
22 620.375334761 -11.4029413142
23 668.934436151 -12.2840064909
24 571.768407382 -10.1787177245
25 591.57665917 -10.5244596514
26 646.768782474 -11.9871625516
27 679.86932722 -12.541542179
28 589.93150259 -10.5000531883
29 618.666419873 -11.4859739589
30 671.648201534 -12.5463165263
31 668.677283537 -12.4987911698
32 576.091146399 -10.907818441
33 632.928627254 -11.5704415473
34 621.713713515 -11.6137618384
35 596.814682294 -11.1151343681
36 662.804742458 -12.1917059946
37 496.934227734 -9.64778006553
38 597.422934083 -11.4954687037
39 616.06401228 -11.1688146387
40 585.669715923 -10.67077596
41 752.305446883 -13.8244639732
42 699.100130794 -13.2537831064
43 659.196486899 -12.1003899569
44 567.653090119 -10.2153594251
45 627.854655619 -11.6275776522
46 616.363066338 -11.520009819
47 679.821960468 -12.6802156258
48 597.766413166 -11.3177435522
49 606.206606241 -11.6406498162
50 604.181980735 -11.118448092
51 653.677166459 -11.3803057429
52 647.97027346 -11.8958282347
53 679.682684549 -12.0460990874
54 619.094793674 -11.641303781
55 653.635339105 -12.4166820321
56 641.626153996 -11.5412337382
57 573.165940482 -10.3453175311
58 673.857997856 -12.191786148
59 554.156250702 -10.2826963071
60 587.809168674 -10.9369793508
61 582.399023545 -9.82488405797
62 597.820523527 -11.0738852925
63 583.949695088 -10.9607805402
