0 474.123586416 -9.49487156925
1 469.657712338 -10.944151644
2 473.474544693 -9.25081867482
3 448.700600972 -8.8722996285
4 435.72115837 -8.45439431974
5 398.405331376 -8.22103356192
6 498.89205594 -9.73179820804
7 451.189393115 -8.948451001
8 432.14777875 -9.07548329721
9 476.168501354 -9.38179743443
10 448.749763102 -9.26168387674
11 468.867918794 -9.91807222967
12 420.991471583 -9.27128532091
13 494.006632161 -9.09812948388
14 392.631403654 -8.18718567925
15 441.776097044 -9.30334793436
16 470.465879806 -9.25942030241
17 392.635399533 -8.34457105176
18 432.173602636 -8.92702935961
19 388.388698349 -8.29901179911
20 419.644602928 -8.83847522753
21 433.680684961 -8.84119886377
22 484.960909118 -9.85533660494
23 401.763651339 -8.48317827548
24 497.00710331 -10.31355939
25 430.25169118 -9.50645476216
26 390.087567683 -8.35490409097
27 430.134969114 -8.8969795009
28 444.78852122 -9.32594850772
29 405.666633367 -8.34751542861
30 429.326270173 -8.7061969206
31 433.530776139 -8.60838956865
32 439.424012092 -9.14848697653
33 449.623628941 -9.39461942949
34 478.359262315 -9.96837347686
35 411.716495205 -8.03636522908
36 445.076145132 -8.72347188627
37 395.459213119 -8.60778161945
38 487.19322876 -10.3691447428
39 486.781758866 -9.69827083966
40 405.983056163 -8.79227402884
41 498.853635172 -9.36221467499
42 396.782018481 -7.86950843948
43 484.961784913 -9.3645494805
44 439.489938542 -8.9335171573
45 441.244868153 -9.10278851396
46 428.119765465 -7.96065563475
47 449.204094247 -9.08904330929
48 486.855298574 -9.81444116435
49 462.249810576 -9.46792386415
50 430.719894003 -8.66278575816
51 409.527847979 -8.21872285678
52 477.310765225 -9.75426414266
53 449.759006963 -9.13468377999
54 477.377760365 -10.0589206218
55 445.933474167 -8.8670782537
56 477.176764929 -9.23935120807
57 442.45388824 -9.15445981662
58 453.636574335 -8.4669608344
59 478.599433866 -10.1728926081
60 419.460935486 -8.74563466919
61 424.409497922 -8.18690088817
62 432.43684003 -8.825989622
63 405.194637436 -8.0325493675
