0 505.570145614015 -10.583622873681161
1 541.8623326304185 -11.949119241814566
2 466.73790752561325 -10.439664786759183
3 552.503054032512 -12.170072946637472
4 497.9591999409603 -10.336314717862823
5 454.5222982484597 -10.189562609044954
6 510.53025334471516 -10.511538466352073
7 509.99137932316194 -11.130942784142036
8 486.42517810279185 -10.632090380647265
9 626.765632286005 -13.284165884651442
10 499.1150738652459 -10.773311890419517
11 520.3969586258297 -11.194846943606006
12 488.0647103323132 -10.70644362228745
13 568.633749368584 -11.525533897637478
14 463.6783766156252 -10.128356439384978
15 538.8966356966736 -11.594489471710313
16 448.25914945668893 -9.635845027719894
17 502.01717250963077 -11.197996153397055
18 544.9280387047556 -11.459116112996027
19 490.76663204186946 -10.954630089306066
20 500.4631747652284 -10.58137669203381
21 482.8793599307167 -10.648001493998875
22 564.6247889942138 -11.566423800558804
23 510.7282351826985 -11.314110826933659
24 614.7671604641341 -12.874042537715907
25 528.8651808250258 -11.287470201373043
26 516.4128810558034 -11.223506833241238
27 447.05035687609893 -9.619224288931541
28 510.62596617467227 -10.418071313654227
29 519.8480724447777 -10.882246950537953
30 507.7987330114364 -10.188379497571193
31 490.79644480073375 -10.629600426487286
32 502.16410856662236 -11.229440403590653
33 568.0764169249152 -11.593642867079781
34 578.555071333646 -11.815929129185406
35 489.75104082986985 -10.359419604661458
36 536.5750822261222 -11.68918850593079
37 510.4714569909906 -10.658374255020675
38 450.1329230230188 -9.788642214449453
39 446.4062891941615 -9.58152019141426
40 479.341355476194 -10.154476434328528
41 429.4310295592978 -9.714075319434503
42 484.39350002751263 -10.554103766243083
43 495.49047053676594 -10.83207662376685
44 498.64851308207017 -10.728748594366653
45 544.7329477654221 -11.771500361634516
46 507.71955816097335 -11.196099929605902
47 486.1033698157931 -10.505227045164121
48 500.33549932934085 -10.186912608227106
49 430.6546594903175 -9.499220455979728
50 463.79360869199195 -10.20740967474555
51 488.3461113671027 -10.41917431742648
52 488.77096760931454 -10.22134730904812
53 439.771014587379 -9.752656008184013
54 531.8873476631205 -10.867420602911071
55 567.5908023510888 -12.198982004808741
56 542.292657897408 -11.294592815415838
57 510.8735163564883 -11.288068866521783
58 484.1335485976378 -10.3562262236546
59 481.72694446870906 -11.021484400027592
60 471.7691937304221 -10.444648928731336
61 521.7186750402211 -11.104777898934481
62 534.8214078697878 -10.91107711059139
63 480.02834739696306 -10.130172137562127
