0 595.790334212 -12.9726353885
1 529.029062704 -13.0802402416
2 586.653006409 -13.6376565776
3 535.684763517 -12.1898325174
4 499.683324795 -11.4690810492
5 421.40989428 -10.2141067582
6 512.413623307 -11.1329662639
7 596.185542577 -13.0707556368
8 543.598879398 -12.0173743537
9 499.991222713 -11.1116876223
10 593.738410709 -12.6776969999
11 554.390374006 -12.2913797833
12 533.341503009 -12.7678318921
13 523.767254615 -12.1294408081
14 561.216636466 -12.1024275527
15 463.335647255 -10.4429164875
16 656.963100271 -12.8967227291
17 488.44200534 -10.6806015929
18 531.932514525 -11.518387342
19 556.787999239 -12.4953164871
20 574.774079455 -13.4881665333
21 560.263527014 -12.5867802438
22 593.670452771 -12.3811406968
23 501.41471089 -11.2750793039
24 556.52361342 -12.2553520152
25 553.600152312 -12.4540323165
26 545.208406496 -12.2615825244
27 586.332600752 -12.6612181293
28 478.349152437 -10.4300277093
29 471.65814886 -10.7215620439
30 494.158863456 -11.2376193963
31 597.507324997 -13.563444047
32 473.05724373 -10.5755065887
33 500.340064102 -11.5023986794
34 554.266696077 -11.7511407786
35 593.262964174 -12.8923377854
36 484.342707164 -10.3799177695
37 559.604909333 -12.8031069475
38 544.243434987 -12.481772569
39 490.942941541 -10.6789826345
40 504.209742991 -11.3657845139
41 524.254649181 -11.3118366022
42 539.744300151 -11.3962758812
43 551.245770439 -12.4192400018
44 446.25426391 -10.192106028
45 509.01308992 -11.5491566522
46 571.29288422 -11.4547614031
47 599.464645625 -13.5151661609
48 498.391894793 -11.4758946238
49 508.458914205 -10.6270482254
50 558.195193118 -11.8290873849
51 558.946312918 -12.3227692095
52 409.302206956 -9.01399447584
53 559.117952405 -11.980951382
54 533.985444905 -11.0754553944
55 549.32695753 -11.785646818
56 536.546999786 -11.9721428258
57 592.256410976 -12.1278021803
58 492.189821377 -11.0785879462
59 497.307506108 -11.2460980571
60 618.899560641 -13.8595082224
61 521.408564922 -12.0015912564
62 621.148010783 -12.2126422399
63 591.282818687 -12.7405116452
