0 541.8233566402466 -11.749560227992722
1 630.8462851527847 -15.357974579336869
2 545.1613351442139 -11.994887027646971
3 578.1856175161489 -12.62962124069284
4 622.5384276996379 -14.200644543017011
5 485.7465948857634 -11.26180456597655
6 507.13542094607607 -11.10793122934876
7 506.03035403146157 -10.996264484105815
8 592.770513551337 -12.572202404446204
9 623.4724020966362 -14.22865102604546
10 637.7251340356014 -14.30380376088679
11 483.2469733017265 -11.513977213209788
12 539.2227021732879 -12.633014909725631
13 593.0070794063857 -13.559521674086017
14 524.5561244858258 -11.740695714183534
15 622.2937332141546 -12.812327709466144
16 524.3428504904077 -12.045059052473194
17 569.1521961052191 -12.592453047752246
18 623.0815845247847 -14.426899771953652
19 555.46399259566 -12.517031623478282
20 532.2860641238915 -11.641615025746388
21 466.3045015234124 -11.158324747061176
22 538.4350304796108 -12.650471414358705
23 520.2864831934751 -11.8517599817456
24 545.4215432079011 -12.421841003788673
25 555.034655797091 -12.587218030766357
26 720.4667871648682 -15.032691779456508
27 576.2235617448357 -13.397747620937468
28 460.82077231015535 -10.486540048098396
29 500.2755178157768 -11.222346499305646
30 479.99235633729273 -11.066559376112975
31 530.4124912371465 -12.464160758091067
32 523.3600071537248 -12.000912807032336
33 511.84971954678264 -11.674618230411165
34 561.4613600765148 -12.41854964789319
35 656.7834853189323 -14.899106630020016
36 584.3258625577895 -12.802921713995843
37 552.547686639757 -12.561461102299289
38 502.3122064024124 -11.023241631946147
39 558.569456133537 -12.386981722872022
40 585.264065443247 -13.131519154803875
41 455.76730350308935 -10.381514805590621
42 565.8328666226686 -13.03590231159128
43 582.834347283768 -13.110975283190053
44 607.5159190043613 -13.237044319582921
45 592.759737522291 -13.048618367554258
46 494.56229420052193 -11.863489304475035
47 551.5379141935375 -12.703543240404674
48 523.2668785274291 -12.132287340160591
49 555.2286005373945 -12.585277201371404
50 585.2963619547235 -13.249353259059752
51 644.1097393725831 -15.024547017762194
52 586.9361724226522 -13.441283734242544
53 538.0972864245484 -12.217276773322181
54 572.8292763106931 -12.380504770771989
55 575.2851755611831 -13.100820892981462
56 636.3096559307437 -13.93875586187188
57 570.9504530107192 -12.633974752242606
58 554.3963570390695 -13.094538277060991
59 534.766982609101 -12.07649449912215
60 631.3164592625743 -14.230505500542728
61 516.3095408364749 -11.230544546706318
62 573.8791174229793 -13.22885467205402
63 567.0580568299495 -12.014581715198636
