0 503.58369026369564 -10.255535176442834
1 473.25771461631643 -10.689526523666784
2 480.37904392535586 -9.99553792426712
3 550.4592124663327 -11.630066579868922
4 516.6522273373404 -10.962504694122773
5 478.8049428339095 -10.446530973993468
6 553.2910862240291 -11.04052045981299
7 454.77798341965274 -9.587450157935619
8 512.2804683106754 -10.03472870862137
9 418.9384346752252 -9.1216634075361
10 460.85816829548855 -9.850825070777024
11 523.5352835500101 -10.595995761904154
12 445.9909292262267 -10.01707099046842
13 452.71194093683494 -9.374548760402138
14 558.7031678772448 -11.018066660741574
15 464.6151871728747 -9.8271562529272
16 448.3912144874301 -9.293369379023355
17 381.34787643403047 -8.584846747277952
18 417.1512595310975 -9.039648631368408
19 468.2893765969785 -10.184951667514353
20 464.8072294646259 -10.481696134190807
21 485.61901760909547 -9.823901208912773
22 518.7155033962463 -10.102013853044072
23 419.95377176833256 -8.934992696255021
24 524.3540870842198 -10.751107976447983
25 497.96218508512555 -10.82660774858473
26 497.3957954283132 -10.302832579541967
27 459.7227750535691 -9.705667703483925
28 483.1762870433278 -9.804919153936341
29 437.5707993081831 -9.047881642065091
30 459.58534086680424 -9.676705546215361
31 498.2294487056705 -10.752842603730983
32 533.869218678908 -11.506051365339175
33 496.10933309321484 -10.239276026421042
34 436.2177919191638 -9.117825341738307
35 486.6444654398497 -10.028651237287805
36 519.077372030372 -10.927100113348367
37 445.2744645861928 -9.545140988757812
38 509.57779903599464 -10.587624573018598
39 481.62357093994905 -9.96022041519864
40 531.9735625873791 -11.02712472996264
41 447.7906390464809 -9.690289926970975
42 482.75389328773394 -10.1280961405858
43 481.38464703727334 -10.136088005639944
44 470.9834085405322 -8.956621967769598
45 487.78891983288247 -10.209327483879843
46 488.41265227138456 -10.474211279258974
47 452.8610251770906 -9.615256293570567
48 454.27347925146023 -9.776636802582845
49 458.9400738423581 -9.926033345860485
50 478.55589385332667 -10.30853623040479
51 525.1277526586713 -10.818828828238162
52 447.42282005095745 -9.634282867960238
53 457.9728957658588 -9.537863577826267
54 441.24755793940653 -9.399199757932974
55 465.4913535152778 -10.087258365251083
56 457.31838971013553 -9.642791680305901
57 416.58118568791264 -9.066021943247499
58 436.74503247671515 -9.451063762861658
59 449.82755577164966 -9.526440124390637
60 506.4270738732419 -10.44244057131831
61 459.9690733399614 -9.420048106061452
62 496.0997033735116 -9.95194387155485
63 477.59290685397616 -9.371895382056822
