0 499.3990627769578 -10.647699702376784
1 536.203942389735 -12.480800357697474
2 620.2030450266716 -12.780723961050104
3 520.8804923052458 -11.136374919688379
4 514.7648149688127 -10.218195764303491
5 494.3722108783829 -10.301071152936185
6 626.0550268660908 -12.539966943436626
7 518.9819494853474 -10.449313812677126
8 532.7803925372987 -11.047232925188842
9 658.5520863456863 -13.530599830413573
10 516.0910933943072 -11.097198948819658
11 564.6620578436649 -11.764454466175728
12 554.9442516901012 -11.575489056344592
13 555.0575629436369 -11.636955790794007
14 514.7257539175504 -10.555167841258125
15 563.7720128106591 -11.483861455259884
16 473.0401091312007 -9.67041080049951
17 487.0335807460237 -10.05055768742758
18 560.1335652011115 -10.823870385033981
19 493.6953380631023 -10.229571343317442
20 532.9795032234967 -10.79030320778486
21 634.7438510462658 -12.789766022705585
22 624.4711054617791 -12.882757213017236
23 486.24199162330086 -9.791248093276778
24 499.4093931198935 -10.260411703369513
25 566.4975809934399 -11.73949173410323
26 461.0444738953526 -9.490005979340772
27 497.8637036436375 -10.169082376728548
28 601.1316050724396 -12.095374828550089
29 533.1431606445516 -10.830893215173148
30 547.2654789031546 -10.87936741088478
31 585.2526194349961 -12.08412165227816
32 542.9444948747864 -11.246295600256474
33 523.1571275600037 -11.040499801807995
34 566.2924719264763 -11.396351126477416
35 629.0392319962273 -12.977560822247094
36 559.4806046128252 -11.414356220812465
37 545.8078959257912 -11.15535757522468
38 530.4158514764079 -10.904560553554555
39 499.82895487525735 -10.43733665218584
40 497.90848123377503 -10.498553529384104
41 523.1759066455761 -11.143462516501199
42 550.0881041057768 -11.377752644732698
43 539.4510033571213 -11.107938445833335
44 520.1810685845902 -10.540315786919226
45 505.89293859045125 -10.127074238802042
46 511.71174840443086 -10.51841219344709
47 530.7176756446532 -10.993194361141013
48 550.5138164773291 -11.156293941487286
49 518.7607360819457 -10.81986298833636
50 504.44020657050197 -10.382016136734354
51 556.2489664374534 -11.134260174464885
52 480.6795716016708 -9.691076333317005
53 501.44999341880066 -10.281711310340702
54 521.4497391838623 -10.593918028272585
55 501.7546561037892 -10.2231938510837
56 459.20653810537993 -9.367299184730923
57 527.3936682439871 -10.778202292235369
58 510.0679654159764 -10.395798971847805
59 525.7865763414205 -10.49634909546762
60 547.4834013237619 -11.42612755917254
61 525.6008824119989 -11.106727830584573
62 538.4887213938422 -10.681929494321853
63 509.1337896422866 -10.569511828974829
