0 659.7020052765866 -14.982195486578632
1 631.4153983963637 -16.464457104841934
2 697.6105502522132 -16.152028001688816
3 666.2840017551327 -15.684482777642
4 612.4198855615355 -14.015159066623138
5 647.3545487599919 -15.0729681821534
6 694.0995484691189 -16.536731076195792
7 692.4862103471964 -16.228684849462322
8 671.2670694855292 -15.780282660660811
9 659.9451313393756 -15.5193804641481
10 639.1619396533272 -14.907317693302824
11 665.314494331578 -15.184672354349177
12 806.2746842469064 -19.289467165094518
13 694.6863224429553 -16.402451783260094
14 591.9514119384047 -13.643212543980836
15 698.1632738990079 -15.993593034169413
16 620.2572739365878 -14.528008849344465
17 760.227302097046 -17.25358809539808
18 626.223057524973 -14.424343270404423
19 626.8560645139894 -14.643479132039284
20 777.5352631426895 -18.264133956797647
21 580.3738580738757 -13.612075529796813
22 727.4239717440886 -16.76773669396166
23 668.2515866324135 -15.506512919397045
24 585.1506017514085 -13.705008946578793
25 721.8894323002575 -16.80613978900343
26 679.8160777097538 -15.557120681180777
27 734.4320737235348 -16.981123622255176
28 619.9828314415772 -14.031173651556562
29 678.8017139023304 -15.917890051438592
30 677.8310883005344 -15.832358811481356
31 679.4034155624009 -15.927742830770686
32 731.5143410419215 -17.24115370926218
33 642.0991721638669 -15.048884496595065
34 786.9825525305423 -18.068030492869426
35 761.4446431331764 -17.389957194257875
36 671.4238519237077 -15.31019656258207
37 620.3423592498873 -14.466079413483003
38 640.9251645338742 -14.770676007332833
39 716.3542966791524 -16.33197902170445
40 663.7765177315868 -15.41878920071125
41 681.9976619915899 -15.826651779122232
42 782.0806326106472 -18.227151106587907
43 752.5372609950273 -17.061299125219236
44 654.4108152395302 -14.99926224696153
45 797.26355768325 -18.61356989479761
46 755.1076118039216 -17.139161112836057
47 700.1034166172025 -16.234266010152503
48 762.3964028164706 -17.338717759400158
49 621.159846324627 -14.743445955261526
50 585.7993824367446 -13.555135782876993
51 701.426124123229 -16.348071837558088
52 727.5056497075063 -16.834343304756285
53 673.3863629787443 -15.914694465735922
54 575.6961545945369 -13.381633942441312
55 635.7157654344171 -14.396843511580833
56 642.1971296822643 -15.070443038524571
57 683.8981982196196 -16.3066417225724
58 770.3460143395555 -17.768812442878712
59 665.1130960367127 -15.55865187215393
60 656.7527563464181 -15.280944810950318
61 621.7795780884153 -14.39973796708574
62 608.5548222784474 -14.11071025430594
63 700.5311645464628 -15.960858669652543
