0 582.5386567661179 -15.182172957043589
1 647.9578164774109 -18.57661111599601
2 527.8736545022406 -13.718527023747745
3 560.6298061797075 -15.008845431693105
4 567.5488939808968 -14.68777884593699
5 494.6112960708802 -13.408782024291481
6 619.010864430834 -16.551362423657018
7 563.4307500804354 -14.889581168376633
8 549.1035685426617 -14.384680734528024
9 520.5863152148817 -13.401883013719162
10 478.72390983861857 -12.885165373864591
11 489.7227235011533 -13.224774914595057
12 473.6599755762335 -13.200444904711228
13 528.6976615401933 -14.299632410119925
14 588.9023490272892 -15.100531813927502
15 547.2045892044666 -14.511331300566175
16 491.3536312134883 -13.164455753782244
17 579.1357867753314 -15.06987607196463
18 575.4528115246728 -14.32786301224278
19 622.5210506202401 -16.13888463698867
20 552.1822200788922 -14.347096590569288
21 536.769081201123 -13.91666521085456
22 584.7976340946435 -15.523328545226095
23 515.6199536817979 -13.726565905200857
24 467.40327443723726 -12.57278878006409
25 461.99930822390814 -12.346568055202937
26 555.8977587465632 -14.301039071099149
27 459.7082987666809 -12.4931020592403
28 524.7248285373664 -13.547766048399868
29 454.02211098535344 -12.297656719184948
30 583.7005746143388 -15.126619035366959
31 521.2572216915916 -13.878266659824947
32 497.16092285543357 -12.991947300799701
33 552.8590015525631 -14.746642189592823
34 513.7099559674865 -13.218139950402017
35 524.4022310231059 -13.67036455331646
36 613.9887010418952 -15.803233115231471
37 551.4145813651468 -14.122939935994102
38 539.4871259398097 -14.346066383708598
39 521.1959990035136 -13.853477463274887
40 458.272287669416 -12.525378673792405
41 550.070606650547 -14.441450070997588
42 498.5088761645962 -12.691662615778736
43 466.4224610378865 -12.449911998699026
44 491.0779520952245 -13.12319434678596
45 505.53976609824815 -13.16304108817731
46 507.1141047418059 -13.273467824760269
47 475.61287775930236 -13.010538754383107
48 518.1761714925627 -13.428073822561089
49 547.5241269332253 -14.595052203537449
50 513.336999702593 -13.426978520974558
51 548.4270998142755 -14.369184645258988
52 489.05420911410124 -12.889991962526672
53 555.7433160459065 -14.783767956813413
54 542.3291826018161 -13.817676552625564
55 522.2844401169331 -13.947354352155884
56 528.5352720975359 -13.996158935094565
57 567.2261195185179 -15.162523547151448
58 568.480158532771 -14.908882489106572
59 571.7003361023898 -14.585771526918387
60 586.8084800063556 -15.31429527958767
61 591.8675386023847 -15.277546937942434
62 552.5574395203521 -14.745871634245306
63 574.5539825400966 -14.635141773733652
