0 388.933933958 -8.15031962736
1 335.9952882 -8.37090886571
2 366.642654214 -7.83657149639
3 374.605211388 -7.37981476218
4 369.969328328 -8.36881397901
5 417.935604547 -8.38934056446
6 301.784255091 -6.71447597786
7 418.823724978 -9.46285305755
8 291.530919908 -6.94672367936
9 360.470423942 -8.29106870293
10 374.938690331 -8.19172739988
11 402.499155553 -8.67589714977
12 362.361522177 -8.36554024828
13 324.152282764 -7.72650411483
14 351.051859065 -7.05185646502
15 369.318161195 -8.42057201879
16 329.454411179 -7.37520741168
17 365.976846616 -7.91285138675
18 340.604880109 -7.77438384941
19 375.884706499 -7.93797618502
20 398.845942055 -8.20486752643
21 338.412772605 -7.28266381586
22 359.203656252 -7.8251488231
23 334.374336925 -7.50721420646
24 328.879216193 -7.56589032222
25 337.098962546 -7.15561676151
26 289.052513551 -6.67923629786
27 323.035570379 -7.79567065321
28 303.602824775 -6.95477651714
29 363.016789232 -8.11174444777
30 349.918530549 -8.11528421174
31 327.339798042 -6.96941672487
32 402.567838901 -9.0859894755
33 384.495328171 -8.48211045102
34 321.755417064 -7.24857626316
35 339.732578426 -7.77949958056
36 320.936598442 -7.25900575746
37 419.106537508 -9.53989140406
38 321.778431575 -6.73347315136
39 331.339558643 -7.50884850885
40 392.061852265 -8.58853491763
41 372.902052306 -8.0212443021
42 345.461325497 -7.03111053878
43 361.287477781 -7.77365787745
44 319.465699655 -7.07995472959
45 292.101564331 -6.96555152358
46 349.589626991 -7.45489254413
47 336.598868573 -7.41425159026
48 338.210367907 -7.83523803738
49 323.050210096 -7.32788812898
50 376.901424679 -7.50433383932
51 388.830976867 -8.02190680403
52 353.880928561 -7.8148467137
53 329.220611715 -7.01784247543
54 381.162142641 -7.6567347085
55 320.659113071 -7.19865524305
56 336.727341375 -7.58999183896
57 370.841783173 -8.30103048531
58 324.33647899 -6.50445066051
59 308.447964127 -6.39823055091
60 356.985924516 -7.47567701259
61 359.257286268 -7.89834032669
62 328.594210894 -7.55028984475
63 362.32525526 -7.69758106054
