0 395.531947267 -10.2260166304
1 424.414736945 -12.4910201742
2 471.326659802 -12.6860829031
3 488.301269825 -12.670723074
4 451.33446585 -12.303708721
5 568.764320646 -14.9015847094
6 461.745627165 -12.0257299995
7 547.609152382 -13.4655910741
8 440.272407439 -11.7716524811
9 490.254891638 -12.8088082464
10 488.348795315 -12.6323105726
11 474.714468444 -11.5931906422
12 459.53026673 -11.5682377865
13 457.270559152 -12.3252046772
14 497.518688163 -12.8513597729
15 462.574634543 -11.9310348551
16 493.309843929 -12.5456144697
17 475.282295946 -12.4373463061
18 457.464791011 -11.6246336337
19 486.634839055 -12.0816032349
20 476.761032665 -12.6828282245
21 495.786278588 -13.3558821473
22 461.738330491 -12.2375735256
23 455.706697662 -12.3930209077
24 508.3046184 -12.5566692928
25 485.963064844 -12.5998222521
26 464.479341121 -12.3456960492
27 446.36139605 -12.0156783457
28 459.170794673 -11.8664068567
29 452.348902039 -11.7156200158
30 452.400726464 -12.3398296975
31 501.629848586 -13.0218779749
32 481.695880513 -12.5314359669
33 498.519662443 -11.9700903616
34 439.715439873 -11.7124520232
35 430.536097502 -11.7911548276
36 487.748987461 -12.3465895619
37 473.12627561 -12.3606178554
38 528.380436647 -13.206294607
39 468.131444422 -11.6071468506
40 516.581665581 -13.382029488
41 515.286443381 -13.5345730302
42 457.56867285 -11.7646936589
43 474.981021924 -11.9103483942
44 435.3660959 -11.5356059762
45 452.537243215 -11.4603429066
46 476.218168451 -12.2262030153
47 484.488420478 -12.0395371782
48 447.542965199 -11.3327348187
49 460.650083621 -12.1578622386
50 414.253973148 -10.7570041664
51 410.139077907 -10.8185116297
52 398.24562786 -9.83874191193
53 446.644421754 -12.0181701093
54 447.92867009 -11.7849851259
55 433.862740643 -11.1442585266
56 420.104177269 -11.0190555104
57 411.515398051 -11.0723150549
58 500.573523405 -12.6175183071
59 458.428495797 -11.9119286104
60 406.684379335 -10.5617478938
61 425.423244746 -11.7279727912
62 419.605129097 -11.1214811362
63 387.980007267 -10.1512827344
