0 469.945576192 -11.2535989873
1 547.95340444 -14.0019932771
2 504.440445282 -12.1157089682
3 480.327138791 -11.682116503
4 451.930138951 -10.7719915102
5 535.202823132 -12.2094764865
6 489.696174617 -11.5458247239
7 480.318005413 -11.5065919252
8 505.008911446 -11.4695940871
9 513.293690314 -12.115523232
10 515.20979825 -11.9666850185
11 505.218575389 -12.1472206012
12 522.639175226 -12.5305721434
13 553.050269992 -12.997300819
14 440.651837142 -10.6576792066
15 427.305010977 -10.1022080659
16 487.222150532 -11.5300939449
17 547.902284043 -12.4005246259
18 492.260064202 -11.582926469
19 488.940947042 -11.6204351026
20 507.364923684 -12.1893015938
21 491.078324705 -11.313598045
22 428.69149264 -10.1990435874
23 519.109545338 -12.3093787066
24 519.71414995 -12.3625170373
25 534.714290312 -12.2687772021
26 483.028855748 -11.2517937253
27 490.528330139 -11.6046058937
28 617.978442834 -13.7948401402
29 436.89060153 -10.2229989439
30 499.815086168 -11.842886091
31 552.585326884 -13.024478041
32 518.544734605 -12.1363705363
33 630.095783775 -14.6609750467
34 519.733759047 -11.7616873481
35 481.981620926 -11.6420100591
36 482.531936373 -10.8632736026
37 569.491801472 -13.4347882064
38 486.58512161 -11.1199770724
39 461.004723223 -11.0759463552
40 None None
41 539.867351261 -12.4053730073
42 497.216371291 -12.1049643115
43 482.884682716 -11.7126953367
44 511.572535129 -12.0713058327
45 432.6767127 -10.8418503762
46 482.241226247 -11.2774710751
47 553.054990553 -12.807022395
48 501.214704564 -11.7680466976
49 504.735200634 -11.9324349926
50 464.635333651 -10.7840154408
51 467.664325941 -11.3092716741
52 492.895166202 -11.6241273687
53 521.557773307 -12.3592032583
54 484.018330729 -11.2655507753
55 523.798447297 -12.4663797774
56 499.230370279 -11.8374349936
57 479.841080924 -11.5790274026
58 475.906394263 -11.3791900024
59 526.588035833 -12.6136493812
60 488.639917646 -11.8222964161
61 515.534676267 -12.5198151012
62 509.376672634 -11.851880913
63 503.645525031 -11.6097874879
