0 467.9915297114231 -9.976404203618323
1 423.0343144835136 -10.017246753750031
2 405.8935928386172 -8.745523786964082
3 458.6745718204997 -9.713181121204443
4 445.7500938331642 -9.361031833479954
5 498.5015727543546 -10.73168657092891
6 455.120334514485 -9.815662495103282
7 391.321534995621 -8.774562666938984
8 519.7349084229968 -11.133928859355102
9 536.435681082595 -11.35827649876866
10 439.1815262000504 -9.342834011074217
11 445.23981921573784 -9.844008630627783
12 413.97024272927166 -9.552567703428712
13 507.6774724063919 -10.889940898404278
14 462.05343153138494 -9.897885894332152
15 561.7243977325832 -12.142577024223838
16 498.6608632594772 -10.415833497935697
17 456.495066765525 -9.791216121113203
18 417.79963506105213 -9.308172497781566
19 413.4713864778137 -8.913500041794462
20 507.2934120207688 -10.95443736914522
21 413.32558612275676 -8.942196974749837
22 494.5152089661889 -10.369729843363896
23 435.64410553468707 -9.369289191543855
24 429.37788547073706 -8.904014399710901
25 444.3982959951174 -9.482033826634074
26 472.1564814479594 -10.117727309889954
27 431.59392424877547 -9.354816547316513
28 533.7843692402333 -11.148500784629478
29 518.9973739763934 -11.34386280094617
30 431.4498406539448 -9.149082464258585
31 437.01126397614473 -9.350496094417789
32 426.20474541023475 -9.071068919951976
33 458.30477719071024 -10.130982801406645
34 396.16237742950835 -8.389109755477865
35 467.9477893330188 -9.82333611132204
36 401.0551678754969 -8.565366424622406
37 504.74012668058754 -10.786313683996541
38 473.5093829573143 -10.50973328917396
39 447.4418230804584 -9.499216517140102
40 339.18228321172006 -7.259286498442708
41 443.21600844476353 -9.808963424923329
42 450.9668864812442 -9.78149697575747
43 436.09206054831435 -9.253006779004947
44 449.4094406469023 -9.91217416341568
45 545.5906608313975 -11.207665860742924
46 506.1120700075162 -10.778320053276326
47 434.0866140047157 -9.599626661271843
48 396.91858704247244 -8.540857191661669
49 457.5382212598093 -9.442592465748973
50 447.01000587914467 -9.472394819637367
51 431.71768861334 -9.244549524517748
52 447.0699423023041 -9.760517265035313
53 413.8713145105652 -9.285619685292744
54 448.93432303733533 -9.397681877424839
55 484.01052748262634 -10.526798255186002
56 449.57444971525314 -9.595826231475812
57 536.4952563061489 -10.264639606542994
58 436.25784161261845 -9.476872765329578
59 453.3244053817075 -8.97009492660576
60 480.1253307300366 -10.095563540876553
61 474.2930155377144 -10.285415347441525
62 493.3560132890082 -10.54143503935644
63 393.1837619816902 -8.619362912287771
