0 502.230516995 -11.4386162384
1 532.044512012 -13.3080020206
2 534.727454876 -12.3241062304
3 581.328913926 -13.1542817599
4 608.442171021 -13.7316529343
5 498.04929509 -11.4736061011
6 586.602402072 -13.3554248181
7 504.666362342 -11.693221582
8 562.041845341 -12.4060033027
9 582.123346557 -13.187511475
10 605.680307054 -13.7735424502
11 509.558335854 -11.6677586352
12 613.064604836 -14.4907935606
13 532.340491049 -12.4330332321
14 523.51979845 -11.5220478952
15 552.401098822 -12.3175927123
16 610.528276974 -13.7189251113
17 560.182760105 -12.8210606657
18 548.082518371 -12.3027658959
19 556.224314072 -12.7624345008
20 575.588739369 -13.134060081
21 539.826397545 -12.6184816018
22 597.936229141 -13.4604847677
23 569.035950717 -13.115167777
24 607.36385806 -14.0579909106
25 619.846577039 -14.0312484828
26 530.60529677 -11.3135376242
27 642.616259759 -14.5701029087
28 573.792894795 -12.414954755
29 519.750259345 -11.972895362
30 493.036209042 -11.2812424816
31 516.077478375 -11.4335311574
32 578.10845377 -12.555121035
33 547.825628116 -12.3679719115
34 518.915921191 -11.6503289216
35 642.403485443 -14.6250117197
36 582.01906489 -12.9250286961
37 531.694420141 -12.2717727433
38 536.030280184 -11.7654268216
39 592.887466073 -13.355665066
40 569.379078066 -12.7666235878
41 493.918611974 -11.3481181008
42 585.136919441 -13.4621924412
43 509.60201652 -11.8512233046
44 588.692051707 -12.7069945641
45 491.139469979 -11.2255046795
46 543.024377414 -12.0765619125
47 634.460286859 -14.5915892275
48 568.341722038 -12.8763379488
49 556.078623842 -12.6031227681
50 590.199311258 -13.6802913713
51 580.812754722 -13.0100510408
52 535.248003293 -11.7799204696
53 540.930010131 -12.4877457956
54 501.60067874 -11.3708661113
55 489.670314729 -11.2109116329
56 504.2548301 -11.5752123142
57 487.27639635 -11.0508728636
58 624.796478224 -14.0476198898
59 467.206068524 -10.4092994578
60 579.9204163 -12.6894507185
61 534.483681307 -12.0033010639
62 496.624447982 -11.1641118868
63 543.947573114 -12.1543593832
