0 541.3338637626566 -11.043989981479108
1 552.0855051534722 -12.797968066688126
2 640.3712197040364 -12.832468342894142
3 517.4531627601226 -10.484284699426052
4 491.2814765063474 -9.84254609243181
5 533.96803571113 -11.183177945535672
6 559.712413658719 -11.330303842851599
7 648.0876490526045 -13.019991806080965
8 489.69153559483203 -10.007255765513472
9 488.0096425175161 -10.0098567723556
10 504.1017854908358 -10.403609542309173
11 463.59845267701786 -9.99118482444976
12 526.069367593698 -10.996749280964794
13 537.7189186311672 -10.796327556114031
14 507.03978170260996 -10.369221173185656
15 526.040847075395 -10.457686863887902
16 570.7750076525655 -11.15382950539627
17 530.9114205665121 -10.99516693680405
18 552.6558610338773 -11.300422704912158
19 489.6107122458345 -10.254608364497344
20 516.2104889443433 -10.654805204569895
21 511.33635181522055 -10.602639833596497
22 561.5570222404224 -11.395318562462778
23 463.4570880621247 -9.663235826200912
24 467.62398768861743 -9.599584496855822
25 497.52186552760077 -10.581861670880874
26 550.1478506507772 -10.940499040185173
27 505.69053875215144 -10.488146797544323
28 481.5300056315426 -9.695726013466233
29 539.0703877794026 -10.844750844995314
30 547.5761235556249 -11.067189687385175
31 528.8928410222079 -10.92433141572061
32 513.297771543498 -10.568630807713204
33 597.9741861344543 -12.42505634337062
34 566.8389722187346 -11.440646564804776
35 519.7152984484184 -10.682161433336114
36 509.0863951144207 -10.306285449455393
37 565.0895842637347 -11.527508177781094
38 409.5938848808666 -8.528240354101445
39 535.3911823081398 -10.993371947709077
40 637.9794517467037 -12.571839651503424
41 482.6883469813354 -9.828054213401527
42 531.5449274983614 -11.075926258182523
43 498.56529334878957 -10.201913461715947
44 466.913750100679 -9.483279509324811
45 518.5026819997938 -10.981586547954368
46 462.67982549705624 -9.372372121551084
47 617.6761634915025 -12.048924337995524
48 558.5466493283069 -11.296525749473268
49 535.4726777219943 -10.592435378692448
50 504.3460854604785 -10.12101910130311
51 485.0338091478143 -9.743901069413907
52 513.8070147642107 -10.185195980286945
53 540.4902881845687 -11.224538767522287
54 529.0853356366506 -10.799997658880503
55 618.3391276902864 -13.143120897299518
56 484.35810516320805 -9.725284791917806
57 576.9649880587897 -11.758266495568233
58 522.6903956875201 -10.930693466714402
59 529.2356668907236 -10.922995669462253
60 506.6545910145048 -10.252660405226397
61 515.6392219390525 -10.509179731952251
62 506.6333101231082 -10.505807193559923
63 503.5596100899792 -10.236894796254552
