0 442.48612675 -10.1783353896
1 454.056848407 -12.254454814
2 490.3016749 -11.6417718016
3 448.84173379 -10.7753126523
4 475.506709169 -11.6364007276
5 414.191861047 -10.250066713
6 489.721247221 -11.5802426586
7 428.537615601 -10.4581542794
8 565.877455071 -12.495383596
9 470.111441349 -11.2085474981
10 424.087720874 -10.0386682401
11 398.756913406 -9.46777115674
12 430.46875844 -10.9930037046
13 415.42687171 -9.96651874529
14 491.78681919 -11.7428890138
15 427.346158275 -10.5268469488
16 469.550435989 -11.256577187
17 455.730965255 -11.2131350228
18 485.355525149 -11.4945524843
19 471.837719089 -10.5100850873
20 401.890114907 -10.0838322077
21 440.195885924 -10.6216375189
22 371.835275068 -9.35245355052
23 473.513683893 -11.0359784893
24 449.109112578 -10.5514996272
25 426.091429937 -10.5881040293
26 446.524589308 -10.7491890085
27 460.354271651 -10.6105232307
28 441.236719587 -10.2664078185
29 423.410570582 -10.0325464551
30 490.559862622 -11.6657909835
31 475.158621581 -11.2972289658
32 472.227299292 -10.9777770211
33 493.084993187 -11.8965403881
34 459.652593327 -11.1890013508
35 430.289384074 -10.3668370032
36 465.857501548 -11.1934229855
37 428.996791795 -10.1269514753
38 441.132511125 -10.660406745
39 420.56651985 -9.88994255825
40 474.40564214 -11.3245973501
41 463.338623918 -10.548219107
42 459.189185299 -10.7221930786
43 409.126872318 -9.50433956971
44 395.70344615 -9.38007817651
45 437.179473642 -11.0435392172
46 393.606054274 -9.54934278325
47 437.312560757 -10.765589581
48 394.76905708 -9.21775027215
49 461.594142655 -11.0927433445
50 480.804143394 -11.0761319264
51 431.657041493 -10.3016257664
52 514.379748206 -10.9944211781
53 486.020413331 -11.3145189078
54 454.75784276 -10.5580265808
55 478.426439257 -11.4663566168
56 453.571084792 -10.4708927652
57 434.395114002 -10.263999417
58 443.302540957 -10.7748164813
59 400.781334786 -9.78781015385
60 428.972500739 -10.2130961077
61 492.204121547 -11.3302957743
62 430.589276028 -10.2880107368
63 431.358250628 -10.0475946039
