0 525.582537676 -12.6437949778
1 420.472787832 -11.8288983606
2 523.25569681 -13.2732689219
3 472.985670634 -12.2218157606
4 432.551634097 -10.9572231688
5 504.171610223 -12.8020479713
6 408.063006838 -10.6191070986
7 486.223136798 -12.2360125074
8 497.785323242 -12.6080573057
9 432.486616507 -11.0217728927
10 451.376854906 -11.1257064215
11 470.749738475 -11.8325655599
12 406.89128972 -11.1430543381
13 435.667111576 -11.622287152
14 457.750128939 -11.6749205474
15 534.278532236 -13.5818800062
16 403.925843622 -10.3352099693
17 506.208149231 -12.8276195659
18 432.750385208 -10.9384644712
19 436.8748185 -11.6423149571
20 401.627997137 -10.7159737573
21 546.686557422 -13.9676143568
22 498.308193313 -12.7302374739
23 460.974283722 -11.8540383191
24 489.310528502 -12.4469879186
25 445.813230666 -11.4740071155
26 481.554375679 -12.2591791117
27 530.990203832 -13.2831324052
28 515.995852869 -12.6324609084
29 417.310087291 -10.9563423275
30 466.388659667 -11.4145662846
31 501.28047292 -12.3055087215
32 472.313744844 -11.7436873456
33 497.135452848 -12.6879838135
34 546.909676353 -13.1838889871
35 552.290510561 -14.0998836198
36 521.857257417 -12.7453735978
37 446.31930481 -11.3424563318
38 400.65131834 -10.1576180204
39 494.505644925 -12.7671377854
40 475.121423225 -12.2026722726
41 486.971540354 -12.111279696
42 476.982782901 -11.9953676755
43 460.928940128 -11.7655920101
44 475.279136705 -11.8551012978
45 497.374943244 -12.7431084996
46 455.510559274 -11.5629724578
47 469.631603661 -12.2923509102
48 466.327441508 -12.0041049645
49 469.421589235 -12.1515018097
50 445.212826737 -11.5964435932
51 406.59268753 -10.7764018615
52 502.468056945 -12.4088657924
53 553.951487789 -14.1998863942
54 431.063730951 -11.1916844497
55 436.193181781 -11.4129093769
56 484.403951698 -12.397192012
57 459.70557151 -11.6381908074
58 441.179195782 -11.2800097259
59 451.085263943 -11.6102143514
60 481.764776121 -12.1884950663
61 512.275793318 -13.2238470302
62 485.03666561 -12.0169511295
63 459.42404718 -11.6337633531
