0 629.9752980869778 -13.855423118601399
1 659.7352880153892 -15.046084699043858
2 572.4231754872004 -12.805642306936532
3 626.5357297816224 -13.78085390656804
4 670.0899247536854 -14.671331378917017
5 781.90125320206 -16.81831881545602
6 734.7699984939945 -15.730480810764387
7 640.6237985263544 -14.190780063698917
8 619.4946744027745 -13.498653486042661
9 668.4451349862954 -14.842783941760905
10 776.2590169593807 -16.934458984769943
11 581.1251432590436 -12.86253421919838
12 712.1161881383955 -15.599674291837527
13 582.1434175652186 -13.156368747431287
14 496.86106703304915 -10.939204702630889
15 660.795269721571 -14.493492127717783
16 574.9633619062351 -12.353524306623667
17 672.2000003128773 -14.970757712694365
18 647.9547648858767 -13.818584349242048
19 563.9173529677568 -12.368587715398133
20 622.6973645633137 -14.055526440049542
21 644.8205189425554 -14.562279805816969
22 618.130358931625 -13.634598637750601
23 673.385201120066 -14.759480202338798
24 683.9083490688525 -14.968909161543966
25 652.1927090096556 -14.16075950934155
26 593.1845354517465 -13.155495815113982
27 656.7150822201052 -14.220319302737078
28 570.1737087267662 -12.654643057824602
29 703.4011036979098 -15.44081936399098
30 610.7007553985823 -13.233362462420326
31 598.6396504153065 -13.20238535843353
32 592.6071127725472 -12.814401291188569
33 693.2990377418665 -15.335273651212354
34 621.6755082758364 -13.36464316706359
35 601.9489678473548 -13.12246398024526
36 667.017533571489 -12.558807278587858
37 641.3383329810948 -13.875069924435472
38 525.678823300547 -11.778732228711313
39 548.0434424541304 -12.022426383458049
40 636.6548112789139 -13.346122382596551
41 561.0531558134567 -12.484563904101432
42 548.2171588658158 -12.31885976761448
43 667.8058989556775 -14.969055176583796
44 490.7961858244695 -10.619440311330187
45 636.9368703906895 -13.807948536485721
46 601.5080163390819 -13.106018880529477
47 560.9761345512237 -12.511680862079144
48 599.7164883149936 -12.996589045777773
49 690.9706906120451 -15.376927493434797
50 611.4109514397329 -13.091158611640267
51 653.3611079399176 -14.369904336436534
52 664.9767959548483 -14.430188391379517
53 600.8668198110738 -12.952240325098403
54 656.2867776299676 -14.36108323489057
55 663.3032798431336 -14.61065181121827
56 607.884908621369 -13.23096126646253
57 571.820140132353 -12.58372537496242
58 560.3197361967698 -12.251748029462075
59 710.4452801899914 -15.46257379091912
60 527.310545621831 -11.539377461821802
61 622.1760900714355 -14.290860811733873
62 653.7947467342129 -13.955448213988266
63 619.2450453851026 -13.34519528123233
