0 470.404531671 -11.8935456498
1 506.406086321 -14.4373898647
2 458.691913673 -11.3771327967
3 567.45439889 -14.0774241943
4 475.575510245 -11.8101053446
5 500.695658297 -13.0363494763
6 501.498024709 -12.259206986
7 478.303148703 -12.2530228911
8 584.034277446 -13.4610795491
9 459.004414786 -11.394712645
10 502.520820397 -12.6783295198
11 533.072472658 -13.1366509618
12 498.686836149 -11.4708940082
13 457.614865122 -11.8892791732
14 516.761016763 -12.8103944234
15 573.787533336 -14.287993502
16 456.812040744 -11.348768537
17 483.12843555 -12.5608511269
18 558.8209125 -14.353159996
19 586.302155232 -14.6382824845
20 513.525171137 -13.1913631748
21 435.757849864 -11.798616942
22 547.983111057 -13.5442592988
23 467.409129499 -11.9865450374
24 447.461427033 -11.0273196694
25 502.388681477 -13.2433593427
26 495.061059233 -12.1043939798
27 540.888574528 -13.8637751933
28 492.243080595 -12.6077609086
29 469.073999934 -12.2994417631
30 521.74813929 -13.1328489864
31 525.117505947 -13.038955012
32 516.049399908 -13.1879902059
33 498.381986251 -13.1018606805
34 517.056097861 -12.6752740268
35 546.60899058 -13.7321088533
36 440.25802368 -11.266706057
37 491.932145288 -12.0425157766
38 526.541618121 -12.9937195892
39 495.411608355 -12.1375515245
40 468.225223965 -11.3358005357
41 519.359425195 -13.0154216191
42 603.760793338 -14.1785865757
43 456.986138179 -11.652610251
44 463.709709739 -11.9278211408
45 456.141328263 -12.0418471886
46 527.382209972 -13.141035663
47 525.47204829 -12.5965155333
48 498.859553049 -11.6096021857
49 469.936031937 -12.3417606223
50 467.818737498 -11.2793767156
51 556.029284244 -14.0680578727
52 520.623074688 -12.8464755158
53 449.705624038 -11.8371075479
54 440.012646411 -11.7222331919
55 452.357027044 -10.8617803331
56 481.43617565 -12.0068105015
57 491.336388993 -12.669707954
58 505.714226562 -13.0982298623
59 479.73642859 -11.9505492259
60 529.999466909 -13.7313368462
61 523.742879302 -13.3045474803
62 468.079817953 -11.6302797644
63 547.02007927 -13.5771192029
