0 476.077615791 -12.2660648087
1 428.733077601 -12.6331978295
2 426.040609843 -11.5332690158
3 393.329565638 -11.0645052767
4 455.792596374 -11.5978320345
5 405.382466254 -11.0595227922
6 377.154548019 -9.82591180205
7 409.87961513 -11.1828749624
8 440.651275599 -11.9143273452
9 518.112155871 -13.407602851
10 474.783350122 -12.8279075858
11 419.446054494 -11.6178845487
12 428.833165328 -11.6115354186
13 444.767275922 -12.2068072417
14 458.888181569 -12.4676946331
15 418.273889532 -11.1980954631
16 421.654933245 -11.1555893236
17 485.048872823 -12.6670166022
18 441.64335239 -11.5146186465
19 413.993321614 -11.0221616769
20 434.841506541 -11.4924545787
21 488.21158145 -13.1193573695
22 459.382820232 -11.8993701866
23 445.429271975 -12.3951046819
24 450.609228052 -11.695940222
25 418.009105242 -11.483197452
26 435.421881319 -11.5113309939
27 441.985988228 -11.700391045
28 518.275939764 -13.1777240284
29 433.248951602 -11.7407730538
30 417.925073461 -11.3393992281
31 455.038834804 -12.337633108
32 423.32424056 -11.3390880204
33 416.80236837 -11.1303818413
34 507.718634164 -13.1524939014
35 507.207064264 -13.8813013252
36 538.743536287 -13.7471989426
37 425.717080202 -11.8075336957
38 388.937241008 -10.6057995969
39 506.795050512 -12.8997982968
40 431.672198611 -11.3687595146
41 479.845766622 -12.5329474875
42 451.558310311 -11.8564787146
43 449.971367206 -12.1005806697
44 467.648506268 -12.2446224299
45 444.191983234 -11.6953790926
46 475.380769624 -12.6633812494
47 400.50433354 -10.671540153
48 476.454757008 -12.5114469857
49 466.92898677 -12.3466566987
50 433.803417182 -11.2549489555
51 427.210565301 -11.6700617195
52 478.01475809 -12.6886089289
53 455.822320727 -12.3923636421
54 471.147694329 -12.6898869817
55 398.475908246 -10.7540175438
56 435.711632001 -11.8542637852
57 459.876283305 -12.3892386868
58 408.055223948 -10.6537166499
59 378.029094557 -10.3011756078
60 414.280119723 -10.7138946636
61 412.88166925 -11.3885366404
62 465.200127186 -12.3945327317
63 447.315263671 -11.4283287128
