0 625.4721299812373 -13.505876804196067
1 500.5125463510064 -12.00173001118703
2 494.4101428598001 -10.72211417167137
3 478.6435005247958 -10.503017531905309
4 503.96831633680756 -10.652652293362754
5 468.88912167450167 -10.189493577845209
6 544.3574894710608 -11.82591004564849
7 542.3951382770409 -11.602609813712412
8 565.3836795574834 -12.352374716399527
9 491.238228952791 -10.628215052918963
10 535.9103430288268 -11.439171202109586
11 558.5175858810732 -12.25162137922146
12 596.9538455612577 -13.288079087728434
13 561.8090052692633 -12.208467638668242
14 519.6180883447146 -11.397206671625353
15 565.6519939003373 -11.887674053071061
16 491.1859973477468 -10.465383587042126
17 536.0708114227785 -11.675501720117198
18 564.3827252367992 -12.263023270656934
19 490.317345699968 -10.57673263893819
20 605.0961959775045 -12.972277794623043
21 545.8937173584579 -12.066772127044564
22 482.96535021201225 -10.359726653481728
23 496.05666541148014 -11.073609211441903
24 461.740457859869 -10.088993286067911
25 475.9615888240018 -10.282413534038845
26 483.9221519924923 -10.491859441037121
27 543.8592124139296 -11.736223854465084
28 518.4362568055873 -11.266262716088146
29 525.9736662181825 -11.522329613825232
30 514.3710059315655 -11.052235231202069
31 530.3585604348359 -11.541313756873544
32 561.4571130893772 -12.14871819452068
33 520.4753632519576 -11.49000160934927
34 536.750327837499 -11.365942695586591
35 563.3615421650337 -12.245560271892392
36 494.5320741277929 -10.512316355621667
37 540.23369397755 -11.626538702739003
38 516.5477167321997 -11.288080935756824
39 541.2318847225705 -11.673833494284015
40 452.44574561091815 -9.904738642629226
41 505.42137008776683 -10.956355608925215
42 479.97156255912444 -10.419170450212636
43 450.18454616386424 -9.892499178566233
44 494.5084884641056 -10.770537219041717
45 466.9133883324611 -10.374602448545044
46 491.0005491898147 -10.59267502282097
47 488.1714003867111 -10.803666225339333
48 457.67335490769597 -9.909365193317951
49 496.61091371204833 -10.626554341980807
50 564.6557092888692 -12.06439796325169
51 511.40258865506644 -11.194226840413815
52 520.38554226573 -11.263873198175855
53 497.16434470389106 -10.894756349955486
54 506.7445571865259 -10.950005605985016
55 466.85280597050934 -10.219657649755602
56 446.4673798241025 -9.637095176459267
57 467.483560760987 -10.319470562837703
58 450.1896200199321 -9.7615140983217
59 458.78843770991654 -10.101554923481498
60 504.5509173824925 -10.538278723116258
61 494.88714051681575 -10.682838319443851
62 463.9700886142632 -10.183683701072608
63 501.01772895635395 -10.630079491535028
