0 481.50537595349374 -9.77558253955545
1 505.7272755052792 -11.02634812355448
2 516.3333283338925 -10.280692694934544
3 500.599079093839 -10.264373036544598
4 524.8740944360954 -10.441679454656533
5 483.0232973397759 -10.043486359541593
6 528.8455438388596 -10.658894245032208
7 492.14926865860645 -10.201100989912735
8 445.3890596759193 -9.07914194740389
9 469.79921808687936 -9.71128408036045
10 431.07405158486637 -8.667109893609089
11 517.5709371197128 -10.72054531799897
12 567.1932398218665 -12.011383388081082
13 505.1532610024879 -10.179405868166311
14 458.22652808697063 -9.394018749160352
15 516.8208584391717 -10.536602201912755
16 527.3129444814864 -10.91957687188739
17 458.92255512012093 -9.430829369482085
18 461.85180314811885 -9.61196943022682
19 526.8171269378994 -10.596737471668547
20 542.9197847065082 -10.959440820656829
21 513.0425609875529 -10.613823479575961
22 483.56377858443733 -9.452532656990043
23 449.4044918458085 -9.105377142241167
24 485.06375965504594 -9.65051178027404
25 425.9534155860357 -8.900101469030298
26 442.84338554319845 -8.999559179335678
27 498.29424155239735 -9.998281987584145
28 497.8936841136733 -9.660363262461788
29 486.5808547996382 -9.671129688148477
30 492.41765248138154 -9.940202079688138
31 531.2269782830347 -10.390951472378317
32 505.1530437020898 -9.977283260638847
33 463.09697778088355 -9.551291083055867
34 427.3947675195085 -8.715704058617263
35 504.97403357662284 -10.045561174780318
36 556.3101689732175 -11.013450129290671
37 471.6607349381698 -9.467333088782839
38 500.721072210828 -9.66721391819817
39 514.1884241966706 -10.42521226668789
40 511.7518311774732 -10.35072881580541
41 534.3413498798128 -10.925023763233716
42 499.40543260072525 -1.20082749775248
43 443.74776332533935 -9.066981313151043
44 486.14930048372725 -9.973565723014866
45 484.47691678396194 -10.067902932802758
46 496.5169567213138 -9.968929038612352
47 442.02694269136236 -8.982984118783811
48 427.7198675102645 -8.719786433699474
49 523.0427422999729 -10.435686625308508
50 502.2245315426538 -9.839177471367083
51 502.2543669253391 -10.0046448419501
52 520.2974835864117 -10.505228504258294
53 486.77702508603176 -10.020370858631386
54 471.1751366652166 -9.648875381933175
55 446.9058146531379 -9.256497379195904
56 482.90382434998287 -9.565923097932847
57 480.2036295295955 -10.168822301465916
58 497.5881271638896 -10.166678533910806
59 529.3284664180723 -10.596026892130462
60 531.4746517521083 -10.575701190958158
61 523.7012216249362 -10.748129977575308
62 492.2473942588001 -10.131016456407277
63 508.03757416779564 -9.966838663680972
