0 549.1711621826 -9.603522846158135
1 522.2270672995609 -11.485943452998384
2 500.96212430326636 -10.35286854705564
3 538.6284546750047 -10.85874485966323
4 592.8884895012231 -10.757845766571624
5 539.0652879451872 -10.644273487180035
6 660.559408067342 -11.49564459032986
7 480.26497709987905 -10.069581143948813
8 499.69223185881674 -10.4647405767563
9 540.1990719243446 -10.993341379596584
10 627.3964314075135 -12.856882394222596
11 519.0058934210974 -10.223421809518586
12 540.0759032710653 -10.966930596507984
13 603.5245862806255 -12.283059058543614
14 502.7116985549921 -10.437960229815362
15 525.554338881158 -11.178594973056654
16 521.4918287001062 -10.178903736719436
17 641.4634277675509 -12.15794580988635
18 524.2432294079854 -9.330922030360414
19 594.7971683514166 -11.051984776493361
20 560.2528928780024 -11.283260466608239
21 563.963515155439 -11.57739727311705
22 515.3741109299174 -9.907057360703702
23 523.1522670351152 -11.228715345000168
24 583.7035897388739 -12.855795858520938
25 555.5748884908393 -11.265663738436338
26 596.4535757764933 -11.88158021622544
27 488.15542035561197 -10.403320200121644
28 513.959588797271 -10.074448737737871
29 584.7466508191744 -12.346571885456116
30 519.515277362485 -9.817346357881329
31 599.4226464547187 -11.260025678449459
32 526.1549222383077 -10.71381424031645
33 521.3357652097693 -11.494158392823374
34 516.5899396144683 -10.74682901660446
35 521.8545409461991 -11.085678184228465
36 526.677394846651 -10.780695223123132
37 611.1338056241124 -12.674394081527316
38 639.061026768515 -12.346947863124576
39 649.7061075334063 -13.667966406142435
40 470.72138649876985 -9.26545798783383
41 473.6845874546943 -10.399253627515774
42 601.7365524841546 -12.794251481588521
43 511.467382802077 -10.09407982026789
44 576.4807607816971 -11.639147609928887
45 650.5477035026944 -12.959124704945868
46 555.3352947181921 -10.533853609173375
47 591.6988840067602 -10.51959415738599
48 579.1149352373541 -10.921638916274055
49 560.8902946289764 -11.13639809237212
50 606.8476674589098 -11.750381410586522
51 586.8665946004232 -11.235766882711264
52 487.1790827613192 -10.429039873234487
53 511.1120984900756 -10.696820290615785
54 553.3533736552117 -10.560212032912975
55 658.7801212219549 -11.769033954529627
56 548.0609971570757 -10.503676800847016
57 501.58950550624144 -10.743198865088772
58 557.4634408591184 -11.862772748624359
59 513.7192399155911 -10.868154353628135
60 471.55295534267333 -9.937018294463414
61 572.3190895638621 -12.001557391577816
62 544.3622158561412 -11.03538603742231
63 627.5667364528264 -11.9963376647516
