0 540.4333105003828 -11.802309225679938
1 469.34694412167727 -11.19991772427012
2 531.3271587243869 -11.713423322065387
3 571.7215337117855 -12.386342254489177
4 409.6047263637273 -9.012981430717815
5 531.4843398315131 -11.09322944843446
6 476.0513414193901 -10.34711261193054
7 548.2624876907829 -11.497521179484064
8 497.87790340671205 -10.543756676433476
9 563.0999367031523 -12.175508838696063
10 495.01859571482544 -10.998127385279355
11 494.33433240188816 -10.777989786154748
12 550.3195239999527 -11.860099353285095
13 538.2005752207481 -12.319884974992803
14 473.70969695700785 -10.696424923400235
15 536.896425309765 -12.024310430812232
16 479.26375853430335 -10.897078629272071
17 467.6921706759259 -9.940298862040853
18 506.1432344291627 -11.076737216060387
19 531.9678843073531 -11.539184972122849
20 523.417923746235 -11.883565026840385
21 467.5574218198025 -10.232173470267051
22 529.9761501729939 -11.399647690558822
23 509.08542092424153 -10.984211245738708
24 543.7719631837324 -11.695309408253205
25 466.5722447653865 -10.364617956461501
26 545.0117974401094 -12.069881153135706
27 467.3457579568577 -10.285160537296136
28 537.8158536975022 -11.394268378995159
29 484.2945372083812 -10.254050033273217
30 540.9669421267174 -12.175503047722058
31 561.5155901128376 -12.253500496385023
32 547.2854506299561 -11.577276120285651
33 593.612742474874 -12.31120039946446
34 583.7707736320393 -11.82122472351223
35 488.7251954286767 -10.712203923059626
36 510.43129858288296 -10.648370094673684
37 530.2399179693175 -11.959292940716308
38 451.0603495687554 -9.709731600054807
39 485.88596537931 -10.603628230117485
40 552.3456841059947 -11.851400612801761
41 531.4957841212156 -11.0264019945087
42 558.5923002421898 -12.429772119995715
43 509.5252238990672 -10.66667715187188
44 578.5295304191224 -12.652023436547681
45 493.2998842603409 -11.073810333048328
46 509.2443302253862 -11.13537949810086
47 541.0557808967417 -11.69739326100325
48 526.2466223708608 -11.354904232432194
49 502.48563595130344 -10.749951703093753
50 543.1184859005696 -11.412500209588815
51 577.3766870628652 -12.461452441598073
52 478.79545711572894 -10.309915155076233
53 484.6607831365745 -10.83751085791752
54 535.0941333929864 -11.527557569092032
55 437.79908063767175 -9.577387734385434
56 493.7715003070732 -10.671596509315213
57 496.8578475147515 -11.387402035731
58 459.19247369652265 -9.938866061638254
59 505.65333356980847 -10.754813708721068
60 480.6921466972995 -10.443186601788888
61 472.06467341866176 -10.711455853980869
62 526.3892117519455 -11.195704741476082
63 580.6755025038917 -12.28006295931646
