0 532.0047259424424 -11.737770435457305
1 527.6558613428241 -12.776725162354127
2 517.7902980141233 -11.397300586244219
3 489.54910823923314 -10.992593289006415
4 535.0251110323331 -11.479138532777991
5 501.85625662687266 -11.162196889822162
6 464.8504011106266 -10.160033679136198
7 541.4540114405627 -12.318948967413313
8 500.6088973579822 -11.480268022592632
9 560.5612060077657 -12.54261146966317
10 595.6839798653007 -12.783409622519956
11 454.80664521021305 -9.734209791445148
12 487.88954313231727 -11.216230200899384
13 533.3232739400563 -11.883427856153858
14 522.2396261558799 -11.559102977496714
15 462.7115628772013 -10.484902211709652
16 503.72823569129986 -10.950024837783394
17 511.72775129523853 -11.522784621097644
18 541.171409681569 -12.048525234625904
19 446.6942915902532 -10.109561563788816
20 522.3115084422457 -11.677936284797868
21 490.8008380088609 -11.202720689602947
22 495.7535494410615 -11.081281210730973
23 522.3986429813489 -11.529604367377836
24 534.5784499705982 -11.713318079320866
25 558.348103465821 -12.545180551424862
26 464.92867422211134 -10.308546359509823
27 546.0464616935983 -12.023115350946545
28 506.8750931848621 -11.30923410103445
29 485.1483589456807 -10.447260995657167
30 410.64768435935054 -9.10110827883442
31 543.8262201001262 -11.85604238245996
32 510.9083014316901 -11.428854285139478
33 570.4625695834135 -12.456130954424932
34 544.1554478242658 -11.43886674275186
35 554.3445473184614 -12.062620090208329
36 490.5511892714221 -10.95724157136388
37 521.5075340827001 -11.447808611347003
38 487.3181868764687 -10.957959377300165
39 548.6847982323864 -12.213708029004206
40 491.74802964060746 -10.787442531748653
41 428.091106461561 -9.763762523718958
42 567.7726659626853 -12.093737790022617
43 452.3422195969436 -10.099843483527094
44 449.65879239052566 -10.083573111507802
45 482.5190407281952 -10.533178603898785
46 525.6669894946717 -11.495328178176546
47 467.2437302479543 -10.545409950923846
48 477.9400414346252 -10.789853731459672
49 522.137813238585 -11.67805036913301
50 542.4456128571416 -11.725693443416901
51 548.4647895270997 -11.864446453757148
52 594.8649616703796 -12.60129066237149
53 513.9814684216927 -11.244449223944565
54 567.9488104684486 -12.399338978010613
55 514.7931965328189 -11.34594632020907
56 577.7884895625166 -12.609311764654706
57 507.04371251609126 -11.192697659967344
58 491.0897027943804 -10.813208068179005
59 502.18732453573546 -11.037058460107355
60 460.65243251199263 -10.262403166831303
61 524.2925724329955 -12.055946406065292
62 538.5495029920331 -11.819910569079745
63 587.5493373978829 -12.007337633971952
