0 547.5953867279657 -11.924671426350807
1 531.5553530889952 -12.675333647848227
2 496.3134650645717 -10.34422665938609
3 559.6465507897714 -11.740420784651715
4 499.1329157245702 -10.899356590506123
5 527.240701195103 -11.670605814667834
6 480.15136684938807 -10.041646123029945
7 507.8981550817797 -10.627342964970325
8 520.4937852806942 -11.392672470543374
9 555.3509155503403 -12.274566103578042
10 558.2218414455807 -11.96078746004465
11 507.3408745688636 -11.129696814911114
12 507.4818452460255 -11.538098909757439
13 524.3792682314173 -11.423116255463402
14 563.2033086208112 -11.825690171256914
15 545.7893060356704 -11.45808117082898
16 562.3228356291249 -12.13085385737888
17 507.20706801005804 -10.781841731244258
18 572.1122246943278 -12.170334626140944
19 514.2817144905617 -10.713967440175155
20 478.02623809594405 -10.80237542355927
21 537.2484651100006 -11.584620934209102
22 507.2052160103234 -10.763499997830015
23 515.4670625649967 -11.264888551492518
24 504.44346035509204 -11.009822814064115
25 550.4441947433446 -11.626379342166704
26 533.77660519845 -11.299704522112055
27 555.1705783218536 -12.001086061894476
28 547.0748205113506 -11.737649947699943
29 464.3872865582794 -10.408953873513818
30 630.4761224106475 -12.85137733170679
31 542.0871567345885 -11.9060639849208
32 571.0748739232879 -11.7880500075071
33 524.9634534061804 -11.825644699695934
34 638.7040138218653 -13.545003853426955
35 543.5770339456112 -11.82811891228777
36 603.7141818508178 -12.630618968495323
37 561.2920599516497 -12.168315322793587
38 586.5679490774804 -12.722803035801743
39 516.4472593617298 -10.267131602815846
40 573.3160312964438 -12.52290694622184
41 547.7903701475548 -11.753859201225941
42 602.863934297157 -12.933727589097675
43 590.6423140748082 -12.766136914070271
44 545.3574769448595 -11.748808490370603
45 531.4725191940327 -11.445361484029826
46 500.1298911184226 -10.992034391127232
47 580.6249997216149 -12.384919303073932
48 571.822819348146 -12.112810843839348
49 558.4654286252305 -12.184019361374054
50 509.2991147411868 -10.901092128811195
51 536.204800779288 -11.29026175951957
52 487.62392592580426 -10.292132272451694
53 552.1674806984458 -11.910959025102098
54 600.2119256396481 -12.763241198316376
55 526.411051988411 -11.131918057271845
56 533.1649569812278 -11.370917145900355
57 554.3026377526381 -11.486543161271415
58 547.3908386005058 -11.835039122406133
59 499.80436438287927 -10.840913589717843
60 497.7605592797197 -10.203604853070948
61 573.5395808309521 -12.334233238267204
62 534.9227595190168 -11.629009926221906
63 523.485364082637 -10.963812593849578
