0 493.49389175705045 -10.138209416898022
1 399.0852112796129 -8.714152452605937
2 413.47108281583496 -8.666823844514804
3 473.5120282265644 -9.97417990467766
4 413.8155005613994 -8.338114282873171
5 402.38119711802693 -8.364775282682176
6 408.3068311738395 -7.96777544609942
7 462.1614400702278 -9.925509463729103
8 419.01204406401104 -8.739101127112846
9 467.89529077832736 -9.99879078517122
10 442.51800860558063 -9.042869025827617
11 506.09415995124476 -10.505115984119984
12 423.3134687475133 -9.27877907176428
13 427.64179608186726 -8.811825837474142
14 504.7536423888764 -9.377011175771415
15 483.0801279700304 -10.12204767049502
16 440.0257634685505 -8.857326795500226
17 414.155264344795 -8.689974732774736
18 447.98691100014355 -8.726296299581463
19 421.0982200740131 -8.711870950316056
20 454.6539527304157 -9.595957295248333
21 457.87190636345423 -9.527849345130907
22 446.63046344648654 -9.117581128046501
23 453.2068346482529 -9.427891915321165
24 450.18318549179537 -8.896903369641604
25 383.50293675178926 -7.731124570894113
26 480.65993968392115 -9.518966032683077
27 477.16542210747235 -9.470003900782887
28 441.50545694697394 -8.846586936253136
29 400.798358811289 -8.372546218302604
30 449.6573262005265 -9.192324289610713
31 438.5319615053081 -8.825881158987084
32 484.9002725269644 -9.419010327255082
33 473.7026548187798 -9.391859659101767
34 567.9275845449475 -11.405345472554792
35 457.9802370202177 -9.544864984631605
36 540.0540262044271 -10.950855241278598
37 506.0376926175303 -10.393309072454345
38 488.71146241885356 -10.055607076161845
39 431.91674106537147 -8.844571623813616
40 515.8984015758914 -10.07678065724383
41 455.8710082368327 -9.568424004614085
42 393.8781768894922 -8.142119308090166
43 474.66457869976693 -9.665305951213622
44 393.68848412722815 -8.077446820925832
45 426.0923798078185 -8.38632227995143
46 578.903094754158 -11.158929229494225
47 496.68681960756146 -10.089341804028212
48 437.3586601292556 -8.584907688688062
49 456.3263869251644 -9.378748237200842
50 462.01989595211086 -9.44557376744445
51 525.0402599783705 -10.839798956264447
52 489.2077833062197 -9.790734537999539
53 501.60876109918553 -10.381093275057108
54 433.4362037222594 -8.926050867286833
55 437.9557981032415 -9.133683557752633
56 487.55499792408017 -9.881915579956827
57 400.04031765647807 -8.127592324865514
58 551.8886892072771 -10.804627913204346
59 452.34175452143273 -9.391725380411385
60 461.7816884275559 -9.456659404846981
61 499.8761279665006 -10.284953199252195
62 451.4041293444014 -9.31707574850088
63 413.46411981575466 -8.57333033200082
