0 369.8128071504953 -8.102831069640036
1 459.3089497343491 -11.104378346509437
2 416.07111595057677 -9.310404230322025
3 515.6459665381323 -11.015629119079797
4 373.86935539586295 -8.065049928055199
5 451.64675346973803 -9.83579109504715
6 403.7979695761181 -9.116844771824708
7 469.9333585817574 -10.50154654440153
8 482.98980544594184 -10.584917225237358
9 413.9943172012876 -8.98940297436466
10 386.2886365470607 -8.632469035368969
11 406.7076868019579 -8.845765184363072
12 409.67159262631134 -9.719798307569512
13 344.33999032736085 -7.779511254042899
14 403.13428765507444 -9.080289888068561
15 398.52637697878055 -8.741795279268912
16 393.7325021641787 -8.697463436068565
17 409.4936446474408 -8.800270441534227
18 408.4114271693926 -8.782505782451551
19 403.8884912384538 -8.459604036098009
20 398.3843737539067 -8.948048463563302
21 451.09639848788436 -10.095435919099822
22 349.2248018426115 -7.6295941370048945
23 443.0637881930998 -9.664821376286504
24 405.83225636929376 -8.856910926321389
25 368.640203317774 -8.557689382887633
26 344.5280335939504 -7.534044031946039
27 390.2843779450176 -8.696128843206655
28 397.53353060024466 -8.798572140675862
29 373.08770011049796 -8.146933443135246
30 377.7584758511727 -8.056269547759621
31 412.6641916532697 -8.879066768724854
32 406.9419287351949 -8.950788704609055
33 372.72987730610225 -7.968821925438307
34 462.70612003446973 -9.809168726859648
35 447.667582740191 -9.815244874205003
36 481.5639801349076 -10.188818273384106
37 461.6097793240074 -10.406258877640504
38 379.58397384342015 -8.178774772440843
39 415.62800029729596 -8.954542372364765
40 432.3926621615312 -9.570817174964871
41 449.19226578579907 -9.706788952474298
42 352.52871832149486 -7.632025675689264
43 345.8506883422384 -7.822777949258145
44 455.45076891944666 -9.807878341133632
45 469.5836675974745 -10.202150692900094
46 455.7372151704109 -9.778564829098489
47 413.78381045498566 -9.00436540433959
48 433.75270581712675 -9.504071178580213
49 405.2134128378141 -8.784162426791974
50 389.932933060074 -8.793710777617923
51 398.5399683656766 -8.93951617258752
52 402.8414697778399 -8.703891162196166
53 336.7998947082667 -7.707666210138617
54 None None
55 403.04962787958965 -8.701278892787053
56 378.49238210626487 -8.280679493177244
57 428.31020177687054 -9.19002935261865
58 397.9856266234511 -8.682406635201055
59 410.74370339793177 -9.052929371680754
60 378.9777136605572 -8.474159079042822
61 366.048012901368 -8.2543890324503
62 448.8590004381854 -9.35748314934817
63 376.829406747257 -8.130263016332991
