0 409.616089564 -9.57724993753
1 384.74455423 -10.1301349259
2 414.607615821 -9.91115110115
3 429.956136304 -10.3789935615
4 449.033692882 -10.4041550552
5 452.566086661 -11.1569915062
6 423.150135184 -10.106456358
7 361.758922886 -8.59362410395
8 407.230916567 -9.61479701902
9 469.469934301 -10.8364196825
10 456.418551567 -11.164610442
11 428.862573324 -10.4332486234
12 419.47122527 -10.3772117775
13 436.502339031 -10.4436316972
14 350.79879454 -8.5287917832
15 390.874002456 -9.33340716913
16 396.408463351 -9.72951259754
17 383.5442272 -9.08568125463
18 421.902744777 -10.2005264127
19 433.981272984 -10.3164853839
20 509.668700594 -11.983834414
21 394.065622359 -9.49115619731
22 486.803272924 -11.7470965646
23 368.683940522 -8.99190568127
24 409.465202697 -9.87902820066
25 412.162034963 -9.65301254643
26 431.565149484 -10.351166793
27 431.181205675 -10.2435522558
28 442.42599491 -10.1741151269
29 434.356920866 -10.343521418
30 392.847895769 -9.39448302372
31 429.540142698 -10.0510389737
32 416.193608133 -9.71942121602
33 436.323960047 -10.2116121665
34 417.332890753 -10.0139204394
35 384.634882168 -9.04761274367
36 402.204085237 -9.25715955914
37 483.803094678 -11.7794178406
38 417.133854283 -9.73677981631
39 417.030644705 -9.83344452578
40 402.806787518 -9.55207771337
41 422.303435265 -10.0603490419
42 424.99772111 -10.1763617257
43 460.732418515 -10.9570243955
44 438.791997442 -10.144053534
45 393.066181024 -9.31985683763
46 460.841190631 -10.5936969097
47 394.593192562 -9.42152294541
48 392.388238896 -9.33607501222
49 429.057637525 -9.97683440657
50 425.644183643 -10.1553041667
51 400.387485456 -9.58528606997
52 425.784470958 -9.93521348024
53 429.568714536 -10.2911844625
54 450.536749274 -10.370679372
55 478.008888365 -11.5185417132
56 371.011076183 -8.79491638162
57 390.003570412 -9.37188108043
58 449.800652315 -10.5239743244
59 350.031985847 -8.46870049105
60 403.597355575 -9.6899562122
61 420.221595026 -10.1829769112
62 458.252684997 -10.7086708688
63 419.050407551 -9.73092823135
