0 376.172064448 -7.87220001425
1 472.587668194 -10.7482045771
2 458.645707032 -9.66232362562
3 402.430478146 -8.40464305563
4 523.699362581 -11.0277569168
5 458.569262559 -9.40942552799
6 428.737557725 -8.84057340566
7 407.35015379 -8.57418112549
8 411.49789085 -8.11268042168
9 446.703389634 -8.96959619798
10 416.498020975 -8.50999944115
11 434.054241432 -8.88846785657
12 462.082657752 -9.56345872971
13 468.126547311 -9.53842381543
14 485.774009265 -9.93016105881
15 425.981612762 -8.72137676444
16 415.99482052 -8.42824636859
17 450.830599845 -9.36999780899
18 440.310668892 -9.23465967865
19 420.433638034 -8.87955554805
20 452.682739076 -9.26557928473
21 515.34370998 -10.3404766651
22 449.558285221 -9.12177130296
23 491.946532316 -10.2531536234
24 397.12517931 -8.3235594653
25 402.733996567 -8.48912287
26 460.116094057 -9.19334995961
27 432.984230896 -8.70996124732
28 439.380402873 -8.77289687906
29 424.390257635 -8.56091128563
30 452.310452118 -9.28414181477
31 401.659899541 -8.06484924756
32 429.026300195 -8.90976233809
33 441.818031819 -8.90318295093
34 418.255351957 -8.59812739082
35 437.747264027 -9.03615045335
36 432.686169104 -8.82866221744
37 458.050007327 -9.52406542733
38 432.402230792 -8.86597879371
39 474.200279309 -9.71503425166
40 441.623079178 -9.08003172025
41 468.056214851 -9.29188672502
42 484.495655851 -9.83225860229
43 434.968398587 -9.15095030903
44 463.384665875 -9.57384302965
45 443.670732177 -9.23206459545
46 447.836651172 -9.32412847998
47 484.184374673 -9.82750984244
48 494.497783152 -9.95508706016
49 371.877731305 -7.65608620086
50 440.536895739 -9.07331180109
51 556.123330968 -11.4566043106
52 485.496701401 -10.147909161
53 388.278708413 -8.24980402327
54 478.549419649 -9.80567779931
55 509.724754003 -10.4703069201
56 407.584389717 -7.88055652834
57 442.318726482 -9.09810078239
58 443.233315637 -9.16877336758
59 408.204189869 -8.39025561669
60 410.161926258 -8.21915122554
61 456.131330049 -9.36020208502
62 428.717927446 -8.74945444843
63 465.753942274 -9.58860317781
