0 464.74131295 -9.78854957728
1 501.026277212 -11.7427754691
2 463.400980444 -9.7392010132
3 574.528143104 -11.8686796535
4 497.702925839 -10.4662193648
5 500.294021071 -10.6294425853
6 462.419942688 -10.2903466709
7 454.201991403 -9.62760341247
8 509.250831196 -10.6812094988
9 458.07756239 -9.57376549556
10 529.642151124 -11.2925459441
11 513.148110798 -11.0879867694
12 508.388618024 -11.6783406257
13 459.109579141 -10.0985330143
14 551.996852516 -11.7489534721
15 487.374512975 -10.3624316268
16 536.664716406 -11.2252090521
17 505.787088941 -10.902924683
18 413.887043796 -8.80466335977
19 417.507554603 -9.31272969074
20 489.54730728 -10.8924560525
21 586.74186316 -12.620265235
22 525.74941048 -10.7041142606
23 448.860601885 -9.97097872879
24 454.81388354 -9.60922556271
25 488.071119182 -10.4553768181
26 578.484843373 -11.9620082243
27 610.438068061 -13.5384188477
28 547.353294408 -11.454576329
29 433.385819262 -9.35989271169
30 535.413881693 -11.6576107576
31 487.034398138 -10.7253692542
32 529.404422087 -10.7107430806
33 596.256996415 -12.3337165002
34 500.641401433 -10.5055068024
35 496.559940869 -11.1684566736
36 514.207488034 -10.6897625078
37 464.484887954 -10.0869692001
38 469.996572638 -9.94917805013
39 498.002524355 -10.9805352856
40 474.926684995 -9.62208570613
41 524.401873621 -11.4092559602
42 524.130344386 -10.9490203967
43 603.529144433 -12.9706216853
44 524.790686976 -11.4574177591
45 511.421552053 -10.9508671151
46 549.458098291 -11.5088295861
47 520.885623412 -11.2353795751
48 526.083901717 -10.7405423149
49 442.049984028 -9.45100783997
50 504.422788346 -10.4309524699
51 551.087627373 -11.7807810792
52 440.172228047 -9.53210257794
53 496.050544397 -10.2961523231
54 533.720527484 -10.7524550851
55 470.253292969 -10.2274920926
56 456.358780508 -9.70291646667
57 524.692509406 -11.1845510933
58 536.517297106 -11.5332867412
59 507.710231137 -10.7654784775
60 459.600416582 -10.175371139
61 482.678723037 -10.3156740826
62 544.348392616 -11.1135037034
63 467.296348173 -9.63566338304
