0 437.367477206 -10.811450773
1 510.394522946 -12.6387596322
2 468.176174122 -11.242041438
3 564.349777195 -13.2917803322
4 483.362742504 -11.7176071503
5 425.030389539 -10.5095530177
6 485.673996089 -11.7739044426
7 514.721664455 -12.5144113876
8 578.99804996 -13.1639394851
9 499.749730224 -12.3910095787
10 465.376362279 -11.0283267642
11 515.058283946 -11.3012502407
12 489.147530554 -11.9695100329
13 484.657554501 -12.0667008324
14 452.425375385 -9.99868112888
15 477.724677692 -11.9463135639
16 595.081098825 -14.129544013
17 536.689083612 -11.8656115169
18 545.476949409 -13.0602891233
19 449.228603451 -10.4920951413
20 496.02585222 -12.1496112974
21 514.46700583 -12.9329630565
22 564.460467831 -11.8944433078
23 425.932829741 -10.1496862499
24 518.09387116 -11.8658585122
25 465.131946812 -11.3671494117
26 468.435732598 -9.77863759735
27 470.369764943 -11.4379772812
28 494.300279577 -12.1072553659
29 460.543762551 -11.2735173684
30 541.99022444 -12.6207784861
31 517.900237031 -12.0276521833
32 468.185443987 -11.5149720665
33 496.468091839 -11.3498353355
34 469.253651858 -10.6432021816
35 482.112609807 -11.5704939939
36 542.817683791 -12.3585592798
37 458.365459154 -11.1696420821
38 414.302444587 -9.92922451425
39 518.749107433 -12.0655645443
40 543.112890891 -12.3788873569
41 523.777381259 -12.3868245087
42 424.536166099 -10.6255827536
43 491.730379568 -11.7751434897
44 476.724976422 -10.0239789317
45 513.019327859 -11.9191945817
46 432.333468204 -9.68404938617
47 456.670689651 -10.0097139471
48 449.439619009 -10.856705888
49 505.068870199 -11.5896218583
50 420.817386009 -10.4168175368
51 530.639584521 -12.7772809502
52 562.89993088 -12.4624559603
53 481.504402665 -11.2734866385
54 484.062499178 -11.1908018071
55 459.461022922 -11.057439248
56 483.549872512 -11.1828592378
57 427.383638353 -10.5028626805
58 543.880383856 -12.537774633
59 470.149274568 -10.8691738915
60 424.443453444 -10.3617627526
61 466.187898582 -11.3605651582
62 519.863020869 -11.1747583993
63 466.636207773 -11.3117497394
