0 524.619418354 -11.1970787522
1 563.59867328 -13.4854594406
2 506.791596612 -10.6448956081
3 510.058765529 -11.0220866148
4 542.609263281 -11.4828553203
5 569.724315387 -12.6832366071
6 575.526810208 -12.7368612526
7 548.813037679 -11.468129726
8 528.512759503 -11.3733066851
9 571.641965591 -12.2643765079
10 435.681302491 -9.43828532873
11 534.731406329 -11.4839560812
12 489.656927471 -10.9318850444
13 582.67776476 -12.615388733
14 542.707949952 -11.8850598523
15 526.263022287 -11.2966777479
16 532.186221726 -11.3247021834
17 496.215298216 -10.5366413842
18 480.523254796 -9.75012855031
19 483.543909676 -10.2730519388
20 599.069474839 -12.8323841034
21 511.164539029 -11.2126995561
22 515.957155431 -11.0004261806
23 482.210890552 -9.80369020461
24 570.942865343 -11.5002282634
25 466.622841827 -9.66954668751
26 464.604946556 -9.92823072123
27 471.771796394 -10.2408679604
28 509.907766351 -10.9489390602
29 546.606821636 -11.4618497522
30 496.362953318 -10.4345875368
31 494.685334103 -10.7831092812
32 739.221102763 -14.0599440241
33 552.999918139 -12.0952128604
34 511.241808943 -11.1133777677
35 560.86186092 -11.7216633162
36 495.008989911 -10.1127907884
37 530.456629736 -11.3218146527
38 562.158611939 -11.4122238499
39 543.323478302 -11.2163724755
40 526.049571067 -11.7082085604
41 459.627624653 -10.0686152898
42 590.416746848 -12.8707455115
43 471.864401784 -10.4059979276
44 477.230771801 -10.5348053724
45 596.480455983 -12.1362570694
46 501.786473625 -10.6996042948
47 562.068035154 -12.2303042677
48 598.375046128 -12.9744161238
49 558.707752576 -12.5367766864
50 492.656502732 -11.0338753169
51 611.573970741 -12.9407579836
52 648.155097605 -13.7239777991
53 637.023215192 -12.2558253039
54 531.287181157 -11.4973134549
55 587.714239626 -12.493351455
56 575.23574646 -12.3372825242
57 647.94536067 -13.5674191562
58 561.621875985 -11.5329996129
59 619.51235845 -13.2137517658
60 610.546331978 -11.2043814882
61 537.582424421 -11.7146622614
62 551.082796536 -11.8236829437
63 639.035218265 -13.2653944345
