0 450.921358824 -9.48126447491
1 428.797405773 -10.5569006875
2 441.619677293 -9.71842673552
3 451.020358268 -10.102100479
4 447.41927343 -9.61169462415
5 404.642797698 -8.85770818694
6 431.009341088 -9.23040676355
7 496.34695808 -10.3220705294
8 377.631450997 -8.24503503948
9 386.282149312 -8.52773164842
10 386.565542816 -8.58363501415
11 479.632460339 -10.3991869333
12 454.488190497 -10.2439244418
13 444.151347355 -9.7466481086
14 439.943229727 -9.71687888685
15 418.460434803 -9.16897639735
16 362.574183232 -8.10489876414
17 453.589515221 -9.60124334123
18 500.716652605 -10.3668427959
19 453.553718708 -9.22560134191
20 491.037021836 -10.8180849318
21 416.190872335 -8.93743856402
22 407.58063656 -8.64235851949
23 499.589894932 -10.7471871656
24 459.973238929 -9.62117698206
25 418.571571645 -9.07984427641
26 397.586869008 -8.69952045565
27 433.301077015 -9.64922295793
28 420.945774703 -8.89191462697
29 409.184762979 -9.22587691635
30 457.298943274 -9.75399463536
31 450.306810269 -9.64383559421
32 422.035889051 -8.8360688782
33 365.893383209 -8.0359177076
34 456.262527289 -9.63258908258
35 397.059538092 -8.66664121756
36 402.38737154 -8.72900952368
37 485.365521862 -10.7345698269
38 498.658241628 -10.5913222975
39 471.227015818 -10.0538649172
40 463.393724813 -9.82288925573
41 425.834657275 -9.17589088329
42 508.112149855 -10.3160536282
43 454.666277857 -9.76049318737
44 485.976187915 -10.4830962438
45 531.196063447 -11.1830967787
46 414.678460982 -9.02645813319
47 461.420280293 -9.53008997089
48 528.120076338 -11.2767977282
49 581.130611828 -12.3336247579
50 488.524976756 -10.4270982517
51 423.635622147 -9.06165361478
52 450.190894398 -9.48719200394
53 446.92653579 -9.91250078814
54 450.484666936 -9.75272057433
55 439.418476511 -9.64704152537
56 416.884306029 -8.83459568123
57 416.747336488 -8.68972226923
58 422.826705149 -8.65601125018
59 466.864823196 -9.97162904262
60 454.998504625 -9.6622860387
61 416.24029604 -8.90891752922
62 444.661269226 -9.28680213525
63 409.052059166 -8.67614781102
