0 562.52685887 -12.7888763718
1 457.100564861 -11.7590708134
2 488.370062171 -11.3921748993
3 480.768720633 -11.3990122159
4 437.152808534 -10.5631250598
5 496.502854422 -12.4478470808
6 484.686236116 -11.7714750883
7 543.471211302 -13.3795255406
8 455.032248532 -10.6693328155
9 509.170408722 -12.5211056776
10 468.1901193 -11.054733604
11 532.918960368 -12.5494070097
12 510.620697389 -13.0435738926
13 426.038975364 -10.4735750733
14 588.49209099 -14.1740010816
15 488.104374431 -11.5108200851
16 492.042987568 -11.4574745136
17 482.559750842 -11.5164514326
18 510.329706677 -11.7123442244
19 456.509946952 -10.8679367193
20 528.31156645 -12.7343678062
21 532.611774315 -12.1087636729
22 510.339855437 -11.3019766565
23 495.612111325 -11.9757839981
24 487.256491855 -11.9044609215
25 500.069289811 -11.8548849042
26 584.016838728 -13.9395880806
27 485.721569992 -11.4017215268
28 454.19067297 -10.9672379378
29 521.644155393 -12.3862406817
30 529.636309077 -12.3068054239
31 466.139711471 -11.4874800904
32 466.167750783 -11.1342803969
33 465.486568943 -11.2721586131
34 482.914162466 -10.9162098312
35 505.325254612 -11.4287727361
36 447.773050487 -10.5480009913
37 488.879474692 -12.1636586597
38 467.356864361 -10.5297289553
39 490.591666299 -11.5833671813
40 489.235199281 -11.5233556404
41 485.537511863 -11.3831442812
42 509.682767322 -12.0778505881
43 439.299811975 -10.5187814975
44 517.026663896 -11.8464537386
45 435.987604201 -10.5658420426
46 478.156583685 -10.9385771508
47 529.872525584 -12.7348911355
48 516.080048288 -12.394035637
49 513.984069668 -12.0130600531
50 552.323899966 -13.5283536132
51 488.823003973 -11.6261068031
52 498.167527224 -10.9545799768
53 462.670414014 -11.0260390477
54 452.987238722 -10.5900670371
55 497.353040646 -11.425380138
56 450.626364764 -10.7105304095
57 480.526934256 -10.6669002728
58 479.230735733 -10.0302767514
59 466.943588496 -11.0084104831
60 456.253410465 -10.8564362195
61 513.665242108 -12.2884030323
62 467.22372604 -11.3154722692
63 404.46115658 -10.1122974688