0 507.707972947 -9.39767883544
1 593.323674059 -12.6220521151
2 575.538300484 -11.0304493186
3 529.023000624 -10.0050750362
4 580.386997026 -10.9877644995
5 533.312427982 -9.98854092624
6 530.847851811 -10.2317644669
7 566.678226537 -10.7398794057
8 542.329327792 -10.6078412777
9 505.90760929 -9.62300602513
10 579.432723974 -11.0636814575
11 566.466263943 -10.7872179736
12 616.133798006 -12.2383015462
13 599.92574127 -11.3460069049
14 521.886681798 -9.92351154835
15 587.543889041 -11.1837973552
16 607.290153775 -11.3507405164
17 564.946788896 -10.7564914659
18 625.103429468 -11.4801513224
19 541.547812991 -9.98539370821
20 537.37156047 -10.1440332821
21 577.401268338 -10.9721877253
22 532.9410419 -9.41173117062
23 598.977880012 -11.468452098
24 590.41705868 -11.0123437523
25 703.476821816 -13.1998699031
26 558.287143234 -10.4054592949
27 640.046136236 -12.5771630946
28 511.73200144 -9.69089727101
29 442.049489249 -8.52062965929
30 604.730779672 -11.2822081414
31 491.244543437 -9.24110698425
32 531.291434719 -9.9803921988
33 631.622973892 -12.0214411044
34 604.239350757 -11.3651542689
35 555.182790798 -10.2581600208
36 541.929853039 -9.47590436633
37 562.127459906 -10.3407413621
38 547.033817643 -10.5219100999
39 609.296990713 -11.3073624734
40 477.523758318 -8.98575506775
41 656.66681838 -12.653109361
42 584.800083556 -10.7970193871
43 495.949646467 -9.27298416528
44 578.815468102 -10.9778024164
45 636.074029649 -12.2033518146
46 601.136440054 -11.0207852995
47 556.533037864 -10.7814356528
48 541.525171627 -10.2162828855
49 616.486399462 -11.4505473736
50 471.882580807 -9.71715083752
51 536.953329156 -10.4295475893
52 516.935786409 -9.30578447641
53 512.759549271 -10.0092763881
54 568.587556053 -10.5760790245
55 514.297035677 -9.9972793389
56 672.621934762 -12.2956597451
57 544.341122595 -10.7053461336
58 594.059533177 -11.0807125485
59 584.187175573 -11.1518681122
60 562.391896336 -10.4549739915
61 619.545839217 -11.5821219142
62 499.054682985 -9.3718627592
63 643.055365495 -12.2002390933
