0 554.873158452 -11.6702480268
1 470.206934174 -10.3040613473
2 470.143864621 -10.3089315029
3 522.880474779 -11.2111576856
4 483.792321651 -9.9686511858
5 480.243360091 -10.4748618274
6 497.108794295 -10.1750642094
7 424.936360326 -9.74542515547
8 537.98990737 -11.6634983484
9 470.884621197 -10.0672525895
10 478.6791482 -10.4445698427
11 456.634654081 -10.0963849264
12 431.846293244 -9.27282927231
13 499.898998834 -10.7659937183
14 552.930240432 -11.0048955947
15 527.037125001 -11.4385581313
16 418.4578357 -8.93848983546
17 462.497994541 -9.96279169034
18 439.962418391 -9.44052958902
19 497.921796053 -10.5436363686
20 467.802732951 -10.096729918
21 518.30628151 -10.963833591
22 508.145191836 -11.2195942724
23 457.181458673 -9.83366353441
24 488.219752585 -10.4761292815
25 442.590149176 -9.58145250821
26 525.514508756 -10.7683570155
27 505.46338749 -10.6724142853
28 499.91546077 -10.6899037924
29 577.291847332 -12.2191900998
30 548.426739129 -11.7291727883
31 502.426960623 -10.7460339027
32 534.871855053 -11.3398767547
33 485.627553103 -9.83388942725
34 474.678820341 -10.3525851825
35 424.024324328 -9.32397246817
36 473.696259707 -10.1826468314
37 576.206817557 -11.2463085189
38 527.481243092 -10.6369612608
39 518.286686264 -10.7020645343
40 444.562433985 -9.35124880819
41 539.172187457 -10.9018917079
42 469.876687472 -10.194074655
43 487.046518695 -10.4921168426
44 532.649844886 -10.0386230265
45 442.899658423 -9.79810901024
46 522.915412902 -11.389040136
47 486.611317209 -10.8878644986
48 542.632714363 -10.8372475028
49 507.731948409 -10.6376565478
50 519.968053263 -11.2022708198
51 505.019788252 -11.0148114602
52 474.94291538 -9.78700726908
53 440.760742191 -9.49261415939
54 467.700100139 -10.079493617
55 523.975535958 -10.7497870641
56 469.698567362 -9.80872581651
57 530.257653205 -11.6765146571
58 410.387829016 -9.25672047079
59 483.948356421 -10.0919497476
60 479.40126856 -10.7679660333
61 467.817637615 -10.7788141156
62 486.600639325 -10.3520919266
63 513.915148498 -10.6919271289
