0 573.087316718909 -112.2782020138087
1 483.3789444123496 -109.13166685651534
2 464.7937627404128 -92.09949716451256
3 527.9694529502036 -108.06250636123484
4 587.5905751701195 -114.27559209892748
5 513.7413704940602 -102.28670362207279
6 566.3166809215652 -113.18181921889244
7 503.60327387751846 -106.31391233052149
8 505.4537142058296 -98.27062918674667
9 495.12759764626907 -100.78277637384598
10 482.9893770508333 -94.07270158014836
11 483.2090565635606 -101.30730494160285
12 482.90651338595177 -97.18532958087525
13 553.720389797104 -107.70857394898069
14 507.82877696695914 -100.58709093338702
15 526.6933515645009 -103.81768241297613
16 551.0217594451669 -109.35139644946833
17 463.33960422373445 -89.32690795894837
18 462.868020597315 -95.66740154968797
19 525.818953260669 -108.10135614367299
20 592.7362384577 -121.03375601913085
21 531.03113016194 -102.15344696287116
22 511.35601011585 -101.79225781306883
23 574.9330497762751 -112.6199377355835
24 512.1473056894165 -105.91871072911846
25 534.1718424104379 -109.68698700119747
26 506.3262117569401 -102.92964742046642
27 496.8004733239425 -99.59341332795373
28 503.54674577567806 -95.48266958667199
29 577.1584714617105 -116.04354099161642
30 501.22628286296265 -98.0457858895151
31 552.2465870479357 -113.9523010326977
32 415.92330452056177 -83.30346793909239
33 499.29944702718143 -100.0175257847091
34 607.3260383661316 -112.50262362512228
35 557.0933096763677 -108.75128768112953
36 549.6579127470067 -98.88470623886083
37 456.76038999616657 -87.92824975558041
38 561.8034581997752 -107.71303268134058
39 488.60898481060593 -98.02679551561292
40 500.6072897643403 -98.75810507552619
41 478.5324718402382 -93.38835588866259
42 502.1740062734698 -102.17486461702812
43 543.0470739916675 -103.76122790752366
44 569.6998573311212 -109.42330896359782
45 534.8714910682909 -112.24882507781156
46 562.9943581293854 -112.52065896129322
47 525.4513407201887 -104.59299403505757
48 489.8535315079309 -101.0645639513252
49 504.0264189101581 -101.8973399851999
50 544.2276492362355 -106.61138207152293
51 468.62115874611976 -96.59341975417972
52 488.08560553422234 -98.41358265248799
53 550.2485888562622 -111.11264512503463
54 535.664617543341 -105.86413906637493
55 551.5954560316118 -106.71494566391017
56 483.64930013242537 -93.55757589763584
57 559.0983567422803 -108.59503814233472
58 474.9976619998449 -96.64305400128913
59 495.6524855284537 -100.17909581993598
60 480.9570722984424 -97.95367470864059
61 498.4976074076001 -97.14662034547072
62 466.34898324403366 -93.61801261378994
63 555.3753349209694 -102.08782774068357
