0 517.8465126551014 -12.360902965511979
1 582.2140910731098 -15.942980636472152
2 542.0483962537938 -12.066882084302229
3 525.6337982955371 -12.461819190576053
4 536.7546102318572 -13.195801685470377
5 607.8105048479467 -14.15941201173958
6 562.5759517283198 -13.540835466033855
7 503.05912196696374 -12.452221164549098
8 535.0567898110575 -12.321497323954027
9 539.5753602108621 -12.879851261811112
10 479.48718961501214 -11.774138488376192
11 530.5980455601333 -12.894307027684466
12 601.2978061810411 -14.771480439349297
13 573.1434607300743 -13.74385488578792
14 639.7440467406408 -14.265455911292836
15 0 0
16 579.8734077830647 -14.314321187980703
17 568.1811262047988 -13.3694193259202
18 487.8738116961559 -12.177098422402604
19 560.2654458552918 -12.743551714813313
20 695.3999963116902 -15.597875764123922
21 620.4830910822441 -14.07424197518368
22 628.4606822998315 -15.111322867983064
23 600.729572420684 -13.864488570795467
24 521.8291901594874 -11.892185312556151
25 628.4243157116204 -13.460920719287207
26 596.9992571526313 -12.533064610762263
27 583.4764531593136 -14.120401093047953
28 613.9095294434421 -13.798535238026284
29 556.1682697141723 -12.340038271838969
30 640.200311537324 -13.86626297352571
31 948.5866199054083 -14.868374105348083
32 492.23478319844725 -11.65720144209929
33 0 0
34 629.4964129726196 -14.010142898489095
35 572.67058259299 -13.12652425942406
36 717.6464248925664 -14.47298621825528
37 503.217551503324 -12.377531699997427
38 699.5348953153044 -15.229737710122613
39 621.1930009468321 -13.754336370656516
40 672.1538154751465 -15.951956923052407
41 581.3698364376505 -14.318742624191431
42 667.6893953570699 -15.45229499329858
43 584.3590384201722 -14.640975371887427
44 0 0
45 597.3394900614953 -13.701974541277192
46 585.6863274122273 -13.730415052768432
47 602.9256438667127 -14.085421517871119
48 615.4754909379453 -14.281661504603864
49 603.6265562675064 -14.41744743877973
50 641.9571180918208 -14.757572878346346
51 567.6033676195104 -13.446869617291732
52 546.5870735579381 -12.811687543072836
53 579.7343122057913 -13.82269114479874
54 592.2612968674822 -13.614733647910173
55 563.8586300484776 -13.405554289871144
56 617.9424968170808 -14.238222773481628
57 579.8325454446541 -13.749480361142584
58 598.1185891483575 -13.988927522469503
59 575.0661310198022 -13.355299186379218
60 564.4244306170507 -13.317441856919404
61 567.8055009834325 -13.48625716280132
62 687.4221223738441 -15.144234132036624
63 587.5409576433835 -12.323644893439852
