0 459.278564749 -9.7587006538
1 379.131752978 -8.96214824795
2 419.915784271 -9.04089671107
3 481.698698896 -9.80421016177
4 492.83862935 -10.0787167512
5 404.961656994 -8.7844969265
6 494.792221391 -10.5078168046
7 432.353517926 -9.39196421698
8 442.871168592 -9.59681861586
9 425.33475688 -9.25312958022
10 406.938268614 -9.13591517117
11 439.587009259 -9.55766157979
12 420.685289099 -9.4331683693
13 462.443956894 -9.89743686036
14 443.784628419 -9.25698497455
15 466.305330351 -10.0783638255
16 440.898688984 -9.23286370158
17 504.480036013 -11.2602320367
18 495.07246607 -10.2998956156
19 398.002134657 -8.61828496787
20 377.88650416 -8.22095041303
21 456.720464182 -10.1859411213
22 401.144181466 -8.59286121999
23 377.740690764 -8.12385410206
24 457.606126518 -9.76061522369
25 407.221280864 -8.98623067632
26 375.678487845 -8.1232900221
27 436.954103468 -9.26391401353
28 428.781306024 -9.20794255918
29 453.666762914 -9.77070832835
30 427.230223242 -9.18495047137
31 435.802683013 -9.53441848255
32 329.055786975 -7.34180519162
33 390.479693089 -8.46021939413
34 424.65682144 -9.07943030371
35 508.00737985 -10.5879553422
36 459.9816478 -9.53300244808
37 421.190666071 -8.89307617802
38 437.00017087 -9.56492113361
39 483.467549889 -10.1571885468
40 428.023548711 -9.01352830686
41 413.748774918 -8.91261149684
42 467.772240356 -10.2245361299
43 489.605320044 -10.9655308818
44 401.593862458 -8.80937673879
45 424.145154945 -9.40734910189
46 383.968699046 -8.1848979979
47 483.427860682 -10.4282720668
48 450.70078164 -9.60281638489
49 446.91321591 -9.21525114691
50 463.958409249 -9.55541324904
51 461.399733181 -10.1475025972
52 422.99418765 -8.92047116539
53 514.966617168 -11.3685195146
54 417.316461544 -8.91027548248
55 476.793972909 -10.5304250828
56 405.396951657 -8.76535242895
57 364.968228635 -8.12350386866
58 476.265600602 -10.0554845383
59 433.074369872 -9.11984609121
60 430.658151936 -8.97099362605
61 455.131050078 -9.99963995923
62 413.483267867 -8.59654484822
63 430.390442454 -8.88297657019
