0 501.741652197 -10.3667881923
1 447.973453747 -10.488739958
2 458.832531052 -9.9403210451
3 474.615555081 -10.0339969492
4 528.641331024 -11.0304797265
5 446.080594187 -9.62971684941
6 484.57148877 -10.5140668246
7 464.921811798 -10.1303856826
8 502.567010481 -10.8424475078
9 509.826253659 -10.9675048868
10 455.920227904 -9.94705486844
11 415.446375747 -8.94765494533
12 449.430098558 -10.3524243469
13 554.845256127 -11.936782108
14 485.806941215 -10.257000014
15 483.207100107 -10.2618393132
16 466.077750805 -9.88439371916
17 483.724981375 -10.3295464624
18 435.844433005 -9.26283847731
19 526.759700576 -11.1941823519
20 492.72944423 -10.6579194533
21 494.988740197 -10.5853151389
22 460.948386512 -9.91917117663
23 506.415948836 -10.8877595006
24 530.327799292 -11.1568581504
25 463.371893424 -10.0144271248
26 510.906307223 -10.9071596435
27 471.336482673 -9.98967036756
28 452.607966089 -9.42515810677
29 495.489734792 -10.668290172
30 524.450143804 -11.2964656079
31 544.762206375 -11.3752562041
32 483.758633345 -10.1784616227
33 552.549448954 -11.6230158876
34 501.388634667 -10.5112981668
35 484.31894353 -10.3638618159
36 452.421181911 -9.52728848285
37 506.625918694 -10.8887043391
38 514.909442362 -10.7813176067
39 515.410163364 -11.1867360356
40 471.318007689 -9.98323705834
41 476.727110848 -10.0987369895
42 543.391350158 -11.4889631556
43 533.28765273 -11.1814062468
44 575.57518942 -11.9758150125
45 560.982814603 -12.2008047829
46 485.14767391 -10.1303540964
47 507.745958393 -10.9257461185
48 591.729125113 -12.3565731978
49 442.145526613 -9.66224785849
50 462.133605957 -9.80337862626
51 466.910193005 -9.92671249945
52 519.329814592 -10.8107026099
53 460.547913674 -9.91768302084
54 432.001882078 -8.9761322644
55 436.283406912 -9.25320940771
56 468.287133895 -9.84257265898
57 533.216522351 -11.2513685889
58 489.073846959 -10.3397425878
59 509.793001796 -10.9080282968
60 496.33560981 -10.4114905334
61 519.935575845 -10.8833183523
62 496.697776882 -10.7576499968
63 522.454449772 -10.9743792753
