0 609.3104710814159 -12.087707559569033
1 588.953910194946 -13.258294679300885
2 647.3770753792824 -13.280932324749463
3 592.8857653586313 -12.36045006886794
4 581.9739871831371 -12.038676589111825
5 729.3806798155351 -14.647688479937592
6 562.1916594601282 -11.912396583228473
7 567.5727658085094 -11.522006819741673
8 668.6185320796311 -13.500416586509184
9 621.0361948964284 -12.98045530367021
10 573.2414457497248 -11.318447235512227
11 667.2154319932436 -13.033381624885516
12 630.1722180015194 -13.29800679034034
13 654.8634591916746 -13.33272072899722
14 552.254600398916 -11.323763519558879
15 770.8055409903807 -16.005242736514177
16 616.4251443533612 -12.152809066439092
17 636.5328185358933 -12.306532207166352
18 554.8438414733122 -11.550335039203006
19 732.8754423177654 -14.924490515876087
20 665.4871862942385 -13.33449414512715
21 672.5447371512166 -12.798443972569164
22 654.0439187141228 -13.04392593005876
23 598.7518454638755 -12.36170025991994
24 594.6240073316264 -11.975379246955134
25 686.2706063149218 -14.053755114236719
26 646.6401109245753 -13.157567405996495
27 624.4327112767479 -12.200309735679225
28 703.5575519886653 -13.641628689888435
29 682.3181484718788 -13.918371360054072
30 560.8270397384529 -11.3471347966023
31 675.4539987244908 -13.778702039295517
32 612.2315501856112 -11.855759564821097
33 655.0382617962105 -13.37270137843494
34 638.4606798627027 -12.225347108511961
35 663.4610055196533 -12.993977688189082
36 611.3176470749542 -12.26615521064703
37 726.0799601789176 -14.649458445197768
38 612.502432585959 -11.665435265611784
39 664.3865092541606 -13.597627986619212
40 711.3164977134713 -14.29581734535936
41 619.7217585867193 -12.82454747158888
42 587.8838800702125 -12.0149521898673
43 611.7043326955315 -12.29026279178542
44 600.7931682922899 -11.75333768084969
45 622.7742514930998 -11.869689781912236
46 626.4389668284409 -12.381594131251582
47 690.0053061495452 -13.541793505281124
48 699.5958309335147 -13.696448893020868
49 687.347188683092 -14.02879519012442
50 624.2216251890219 -12.964372189868213
51 702.1696195857611 -13.973706191301925
52 649.8506198283318 -13.545039058876096
53 637.1889113682724 -12.49592812180916
54 667.5769902305179 -13.030639779494795
55 660.6205106067998 -13.325735149024084
56 542.4655164393354 -10.446733289238678
57 572.5870810607834 -11.524274107860702
58 647.4092668082494 -12.763612912350807
59 663.5487644496903 -13.326763766780235
60 594.7467530326431 -12.165397283220033
61 640.3526304149455 -12.958389390215372
62 682.5325997531985 -13.408265669998874
63 617.5427864136543 -12.236332610185643
