0 411.944608042 -8.70113310779
1 400.833589287 -9.49123905954
2 361.29937126 -7.8390115394
3 409.896241848 -8.80959058247
4 356.448703336 -7.7366233752
5 398.40166463 -8.58291679479
6 400.432325841 -8.62187891571
7 373.133767921 -7.88934390508
8 406.487290178 -8.69440473228
9 430.046711263 -9.34459670696
10 361.446768339 -7.66463030843
11 398.072142985 -8.52181303251
12 354.809844397 -7.96197380636
13 400.708724103 -8.76618100849
14 357.067566102 -7.64641495845
15 406.123624608 -8.73724455717
16 363.952798195 -7.81867613658
17 394.180975231 -8.56450700565
18 378.15570843 -8.02039986703
19 349.130372555 -7.40370074881
20 425.398462211 -9.12895440503
21 450.655300413 -9.71325585372
22 372.492476131 -8.06655344033
23 426.579518942 -9.09777297167
24 397.935017825 -8.51206649331
25 395.660809618 -8.60369936348
26 411.306743171 -8.66828263979
27 436.498831825 -9.59747516921
28 436.329970862 -9.14357433678
29 419.858799563 -8.62011321533
30 357.195831553 -7.71240679042
31 423.051664998 -8.91083444609
32 400.124659557 -8.62588375333
33 378.972682789 -8.22531361334
34 406.513773916 -8.64558074171
35 410.161652622 -8.75834996522
36 381.271808388 -7.9577502472
37 417.791455932 -8.98199716748
38 411.757019598 -8.58704637783
39 358.379630427 -7.61452927305
40 448.745841763 -9.50348526783
41 379.374522076 -7.99558422931
42 381.949910031 -7.99784477385
43 460.232019981 -9.92272223634
44 401.119225918 -8.44052527395
45 438.391505955 -9.50886561732
46 361.669606383 -7.60246149461
47 343.965215433 -7.40170466398
48 375.509696159 -8.18915066318
49 401.216943941 -8.49959264125
50 430.776904358 -9.08503165896
51 436.600745796 -9.49301315354
52 378.53645515 -7.84019617876
53 376.906085976 -8.08628599396
54 368.12289443 -7.85062735074
55 390.767990627 -8.37267579544
56 364.101345056 -7.68319722681
57 414.422362524 -8.78316889939
58 404.802262557 -8.45782824113
59 444.798340436 -9.39888913573
60 402.695354898 -8.60780376418
61 399.31863303 -8.4347154233
62 433.362149293 -8.79571343796
63 406.699558858 -8.43844392598
