0 408.48212552 -9.64761935232
1 391.81553766 -10.342002704
2 407.438042602 -8.83729803442
3 391.188212643 -9.28738450002
4 455.458587348 -10.6520350456
5 395.725919021 -9.37634008157
6 413.179590832 -9.32321244445
7 397.165842827 -8.92376827335
8 391.915604968 -9.15083542337
9 362.933170278 -8.53559253117
10 371.618021829 -8.82958066054
11 391.413122244 -9.07052878469
12 417.125984041 -9.78834889575
13 378.290192835 -8.59850086638
14 411.370796027 -9.56190321365
15 431.516340052 -10.2823424036
16 451.06551866 -10.6571938057
17 434.50857878 -9.91705215824
18 391.125857381 -8.91912606053
19 426.409590371 -9.9030514341
20 404.067951654 -9.64907266463
21 432.096980497 -10.010052687
22 496.374035536 -11.0235023486
23 455.96575095 -10.6551325919
24 426.873360763 -10.0466883633
25 452.289738684 -10.7124022713
26 408.644682067 -8.91279557049
27 448.821686199 -10.2861856729
28 433.657167088 -9.84017958446
29 424.615106062 -9.62722713902
30 415.640826865 -9.92496080205
31 392.433012662 -8.80153619521
32 394.458553288 -9.18848964511
33 377.004909174 -8.7854751426
34 423.044453315 -9.38126224496
35 394.668329611 -9.50990622688
36 421.01096254 -9.53146516099
37 451.667394725 -9.97650336024
38 409.200070592 -9.49827226965
39 437.280517199 -10.4750830399
40 429.504825201 -10.0596573792
41 394.070413179 -9.29214714549
42 431.260910079 -9.47156160954
43 450.83917657 -9.89933848234
44 394.669737394 -9.2669193101
45 436.278261626 -10.016206235
46 380.48154666 -9.03137936802
47 451.734703846 -10.4606095443
48 468.466803088 -10.8902032394
49 389.88830924 -9.57173418449
50 427.863117373 -9.90683385955
51 436.024706614 -9.46845813355
52 464.288596471 -10.6322943957
53 363.630055422 -8.24424449963
54 409.556628193 -9.64733933409
55 482.772606743 -10.2277951066
56 397.195796093 -8.62146233392
57 447.567741906 -10.496443256
58 370.876923144 -8.4869800251
59 396.75136017 -9.58756619901
60 425.405799595 -9.8027568599
61 471.926338707 -10.9011849372
62 430.557786993 -10.0474895481
63 484.728383415 -10.7611397757
