0 415.863973677 -9.02307192599
1 473.031518042 -11.704066725
2 481.347447422 -10.3967996686
3 510.723117628 -11.2395206927
4 536.94549538 -11.9449545318
5 527.730507193 -11.2221801086
6 497.762398454 -10.5562583733
7 493.118546467 -10.6608320139
8 457.874988824 -10.1821273143
9 504.027870296 -11.0672072964
10 517.092813319 -10.9619481062
11 531.393545212 -11.6752976915
12 472.184774407 -10.9959045544
13 495.797447552 -11.2531939265
14 495.903442115 -10.8494054763
15 467.451907573 -10.7030295636
16 482.982457962 -10.2658510574
17 490.114538721 -10.4691755367
18 464.826208133 -10.1170898445
19 517.913864862 -11.1884336884
20 507.885632029 -11.4279630834
21 490.302091531 -10.3511562437
22 491.364712169 -10.9320046201
23 488.867721955 -10.2482166043
24 503.168765793 -11.1516650115
25 504.495822155 -11.3155582445
26 426.264901658 -9.24050594763
27 553.833730434 -11.8531248826
28 430.608014492 -9.04099895566
29 512.014675046 -11.2809759679
30 521.597555108 -11.1725393289
31 439.833077616 -9.69919970987
32 450.923042687 -9.73013780265
33 466.580287183 -10.5449364195
34 508.272538941 -10.7550900448
35 589.626440921 -12.959555617
36 467.488787176 -10.0666734963
37 544.108134283 -11.8393155035
38 460.410920322 -9.71384007951
39 471.269255325 -10.720383103
40 511.88101923 -10.3575137437
41 519.377651403 -11.1183225682
42 607.623545055 -12.7649868023
43 433.873627476 -9.68587638959
44 449.512309183 -9.75312198943
45 523.50442265 -11.4272288049
46 482.920982917 -10.4035605566
47 521.360461839 -11.3249734359
48 505.459263201 -11.2262659359
49 556.902048884 -12.2947514097
50 509.218825586 -10.9942581837
51 454.290173448 -10.0375719376
52 494.509312841 -10.5448944428
53 531.378531765 -11.496427983
54 512.170159109 -11.2902616582
55 547.410714102 -11.9214431601
56 553.457732735 -11.6489834948
57 419.637011485 -8.96648989481
58 536.410836845 -11.6073645054
59 438.939352119 -9.76501811007
60 405.120035985 -8.9728458813
61 444.781289243 -9.8721713126
62 436.799398055 -9.59865113863
63 476.330627605 -9.89907537808
