0 469.8424940757408 -13.10928754682295
1 418.9556286282027 -12.799145164195163
2 482.3354730257032 -13.833235727804546
3 466.8056808344694 -6.589119534127007
4 489.56696176728354 -13.511750717744773
5 446.2179496810696 -12.754700317257774
6 420.1271485208259 -11.772077626008585
7 400.41859862988235 -11.672854667498953
8 501.2062406605969 -13.571443887052034
9 461.8376032194388 -13.047679297291662
10 507.33367686264603 -13.628546405376941
11 430.8402828987054 -11.927278855165504
12 457.8305945368224 -13.529704664636622
13 403.3756626512361 -11.374107561736045
14 500.29226143802316 -13.898716354504666
15 458.7566560082935 -12.682142505984391
16 476.5109589715151 -13.201471372343672
17 461.1447838269087 -12.510920152077414
18 467.91505487935683 -13.157085871164293
19 589.2091734729669 -16.353117082885394
20 472.6176983721987 -12.943821092135206
21 550.5633409755484 -15.084623469573431
22 429.0794273561651 -11.761721833494523
23 495.8897407397941 -13.680149445109786
24 439.6387896939549 -12.359809631299587
25 405.23024811444316 -11.646877052957944
26 473.7392673050106 -13.347727899334329
27 440.57206983519933 -12.35932159305347
28 438.584973124933 -12.08710357024225
29 453.2541706617206 -12.585590634293865
30 444.02572459838376 -12.191219089012392
31 473.72251807220397 -12.606181952063725
32 531.9158869452017 -14.522617653838
33 416.4308419770308 -11.517908615577486
34 452.65739008693185 -12.638627114651927
35 479.09081414757327 -13.747880439649634
36 483.8567805429997 -12.897246568857634
37 492.11680066118896 -13.692609840026208
38 469.0112652544397 -12.922922519648761
39 419.9524895282251 -11.771825262576279
40 491.4003548784069 -13.59714662979172
41 453.4311074663847 -12.573524791785534
42 418.0786135160387 -11.39325180224939
43 484.8666119331422 -13.30379613658195
44 442.13446692449656 -11.693338316146201
45 439.863061198249 -12.446159589499594
46 460.20350774754576 -12.502885122272664
47 420.6325862208435 -11.4724544193901
48 468.1453034563861 -12.536719122823113
49 402.96260325050014 -11.179121887602843
50 482.7000876620653 -13.174516849512258
51 448.88175072457943 -12.683556193546053
52 459.63231128538575 -12.934804895685271
53 407.8355997325824 -11.49829298841999
54 461.61287759112014 -12.784475119855658
55 486.43698168910396 -13.223783906286206
56 445.15333952319276 -12.37493631925534
57 518.958809393356 -14.192729776418759
58 398.2899989770604 -11.023887921953747
59 453.9785307544028 -12.18794942381887
60 408.2654541931014 -11.287644237507758
61 488.1627385938838 -13.421895463938004
62 405.497685814324 -11.34411239457329
63 423.6312210084741 -11.60679430795666
