0 502.247243976 -8.99983136668
1 621.990308768 -12.6645268016
2 543.227558512 -10.0705525639
3 571.799742701 -10.6032054654
4 453.24897801 -8.41091462585
5 468.194221257 -8.82805900219
6 448.290976875 -8.22616825461
7 653.745800792 -12.2666838071
8 494.795162377 -9.29852707477
9 453.227952276 -8.56475965154
10 441.069368343 -8.22426773755
11 466.679235315 -8.64923012532
12 511.960246225 -9.95029148994
13 583.222312639 -10.7604544898
14 534.103196893 -9.82450223943
15 452.335278949 -8.20263681038
16 517.221531437 -9.56052914841
17 474.405526321 -9.01620486798
18 510.441285295 -9.50735368427
19 500.39073289 -9.27958157322
20 464.620476476 -8.84839465448
21 598.335510215 -11.3273414572
22 531.195635061 -9.9350813757
23 505.108105918 -9.45274409113
24 513.954490087 -9.34209391237
25 558.844417321 -10.4308057916
26 481.256821471 -8.92324880066
27 508.006065046 -9.76456591357
28 422.739747082 -7.80898963286
29 506.864240804 -9.31306809744
30 508.297838482 -9.33061840129
31 502.891951642 -9.31473011297
32 533.250324743 -9.77357196772
33 560.381455649 -10.1989808508
34 514.052512588 -9.34220414627
35 507.063250773 -9.3123329229
36 473.543208489 -8.34248469691
37 509.006924949 -9.35086435322
38 560.664292721 -10.39286267
39 477.956165203 -8.83178007892
40 526.724830199 -9.54370996628
41 484.626365358 -9.19737602085
42 521.125971815 -9.52938422626
43 556.526067758 -10.2508056975
44 497.127701287 -9.06489188448
45 470.676532382 -8.91154525624
46 608.775018169 -11.3347448022
47 443.06853964 -8.16617713492
48 483.21550192 -8.88887078104
49 529.840665958 -9.86792509234
50 531.032335815 -9.67610487101
51 514.143638583 -9.56299794112
52 511.4323366 -9.42549138044
53 490.087347273 -9.1392125781
54 495.551921582 -9.11576454228
55 471.423142123 -8.8197314799
56 540.274694874 -9.86308891541
57 551.808502287 -10.4017665626
58 509.561197738 -9.53562030758
59 501.61308278 -9.57302754133
60 501.305464737 -9.31230494796
61 511.668500145 -9.52270887232
62 533.426886688 -9.62919609526
63 578.521315669 -10.6071179643
