0 414.50071295908174 -8.858494838165639
1 412.36159564454715 -9.833649902263561
2 461.96082034086993 -10.026244619596737
3 400.34972935393114 -8.629825702304682
4 392.18833808609315 -8.327534725415465
5 473.0322743361997 -10.38348320738722
6 454.85135185796634 -9.853082495815714
7 415.1294702658642 -8.92757739628768
8 422.5621018641623 -9.0737911801328
9 390.018992327702 -8.539628397460126
10 334.74101616546477 -7.333215841771261
11 392.646276622901 -8.489256179355046
12 375.0494058730302 -8.312368411629462
13 388.1502403720904 -8.476034795422773
14 450.3469614658732 -9.74025317478149
15 406.1818906209785 -8.608312088381147
16 412.1802602908493 -8.899948623519364
17 451.2156877015796 -9.549986862256814
18 465.0725041597814 -9.759044307800618
19 422.1526553848071 -8.88603794006277
20 434.18406559739486 -9.519388109881927
21 423.5343260815276 -9.246137524345682
22 371.0696990706102 -8.207294078591863
23 422.19728112462155 -9.092173173701827
24 412.57790542510435 -8.70315138730618
25 387.39135377302927 -8.294731176415354
26 425.0593926368512 -8.92594106777947
27 402.62526339275 -8.781389644969792
28 407.66463762523125 -8.604382841027103
29 412.3185688421573 -8.650351709893142
30 433.49171587730876 -9.225817256294379
31 457.4930554821291 -9.818676225637061
32 437.9834285988072 -9.421591594155498
33 364.94835570881236 -7.91973910815851
34 403.9130561218034 -8.488752115170195
35 486.4210995177641 -10.381760905295222
36 425.7179644171484 -8.946190250063792
37 428.2181324287013 -9.199942142436617
38 433.56275929551606 -9.042386743489036
39 385.133680306972 -8.387153895373645
40 429.8042958146858 -9.188575787522987
41 362.9295761060184 -7.84790365542305
42 427.6666101618536 -9.094843050626238
43 440.9265902754353 -9.411663140962652
44 447.97465002617525 -9.485196937521017
45 455.0963107178793 -9.437808314366588
46 422.4901832983786 -8.925861681963966
47 443.2273147853346 -9.697553639914604
48 484.3207692289441 -10.408260993128833
49 435.8458418415312 -9.343875524630754
50 390.41651437917875 -8.47102903227223
51 473.0105873197715 -9.989020991130094
52 400.55297827666806 -8.41332523084464
53 352.5387655307075 -7.446548242538626
54 437.77149081189674 -9.430616918315827
55 396.80494537602124 -8.457227035044406
56 410.7113433732622 -8.704067479616933
57 411.62832716348646 -8.853320223037496
58 378.53719941406865 -8.072893973149013
59 476.49541858593165 -9.988841833585077
60 400.53102140660485 -8.602627554956406
61 391.6521175704 -8.101453205972884
62 473.52221663485284 -9.90455231240534
63 417.2278883639664 -8.737595151917695
