0 541.9660165915359 -11.40709718130895
1 519.8639925786867 -12.591312504715013
2 520.0867322989064 -11.343923478069128
3 512.3279719981522 -11.536219541639023
4 480.6666730348533 -10.204335158867357
5 474.52225214289143 -10.538812169257639
6 528.6666828725845 -11.535592928433182
7 508.32162910305067 -11.19477712881876
8 501.0995958321216 -11.14160984417954
9 552.751406256254 -12.621144924219806
10 559.4251425306225 -12.245432400793073
11 542.3185746130704 -12.430636792356015
12 430.34609330414855 -10.15428286707057
13 537.0300478549847 -12.197777569591922
14 469.941662633737 -10.216478076035278
15 554.1041073776444 -12.277478948392448
16 454.2740887562845 -9.943426303291949
17 474.18773940136816 -10.589657453858061
18 456.13006626822033 -10.146771478355825
19 524.5465233707532 -11.280197441721567
20 423.0265851863895 -9.79347833222899
21 497.3037792955739 -11.156206344818125
22 513.9197474741571 -11.503295677620748
23 543.9012932650852 -12.2643717051103
24 506.15777079101906 -10.913405584978255
25 486.02459968231994 -10.979209632337287
26 501.58185990698007 -11.047174262093256
27 536.6532653274721 -11.713275454416772
28 486.4299705431616 -10.732741746237826
29 496.29705512511015 -11.049086688439814
30 518.6479931206768 -11.168147380268751
31 492.18759596805387 -10.729669725978711
32 506.6856106000186 -11.193353766436033
33 499.733350250894 -11.019224295554762
34 546.1421793965994 -12.012483856913228
35 598.3241843672321 -13.454608600006315
36 531.8921110225712 -11.624495351540698
37 530.6058220320269 -11.522349437904637
38 520.5472324903136 -11.532404310452783
39 499.00464597247066 -11.154152864431362
40 480.56586111054224 -10.653224462290149
41 502.6693009107632 -11.072913786763701
42 536.2165983756935 -11.828057140403075
43 495.3255841192295 -11.270672972383167
44 593.6743905731634 -13.456802003851562
45 576.9642267909986 -12.857790350162432
46 528.510847123577 -11.693086252263045
47 480.3903822940073 -10.270441937549842
48 465.7695981165241 -10.439388029269885
49 513.0445866742634 -11.671495708588587
50 580.129216920131 -12.426264328417826
51 679.190249064825 -14.614663020027276
52 503.9372757602359 -11.137401215790229
53 553.3304033974503 -12.216439517112939
54 513.3125006623538 -11.13198182976248
55 446.4882408776384 -10.016303248269251
56 656.4170357197002 -14.367352746075172
57 483.1297061951892 -10.519682674406486
58 541.5760200220761 -11.48794733480431
59 536.0244789096876 -11.742483976618159
60 515.3598099220819 -10.953711679431944
61 594.05177971108 -13.075974161957662
62 580.7772295735247 -12.455933058725902
63 507.96881818699785 -10.752780669406608
