0 444.02088595 -10.2610433116
1 396.96944484 -10.5606377731
2 474.603048233 -11.0968483584
3 451.143830016 -10.5167526338
4 450.44814965 -10.3922006296
5 484.466114083 -11.5206651579
6 455.820779615 -10.8093009573
7 500.572597396 -11.5816062494
8 392.130182606 -9.1124463448
9 475.972963191 -11.2187454393
10 438.986144239 -9.78481747587
11 400.540806793 -9.45217736558
12 437.845106253 -10.5042617074
13 478.022572097 -11.1895780049
14 437.338698448 -10.2402314452
15 523.352094767 -12.3171682021
16 420.467776308 -9.92701871554
17 424.584788393 -10.341510317
18 489.538842585 -11.0883702621
19 419.201348443 -9.86066774471
20 462.365380513 -10.9306484735
21 473.4849202 -10.9295395206
22 428.348948869 -9.88389259932
23 469.730674254 -11.0590527785
24 460.984803597 -10.4806814408
25 491.907169002 -11.412890714
26 401.068800307 -9.42921912746
27 389.097380533 -8.947238188
28 446.032414783 -10.5830278537
29 435.013551005 -10.3561743284
30 501.674681626 -11.7499282418
31 539.603090842 -12.457492662
32 485.806344538 -11.1766362456
33 456.993363596 -10.8072154676
34 452.759874474 -10.2096425738
35 494.806154556 -11.440088251
36 500.839590634 -11.0843154537
37 467.909015354 -10.7314734588
38 425.468575178 -9.49978922573
39 491.17044619 -11.5993217969
40 518.020610697 -12.1575876295
41 431.546318524 -9.98404491802
42 478.652361173 -10.8313802992
43 466.461967051 -10.8106262062
44 456.652759743 -10.3875968204
45 516.595649052 -11.7336882045
46 492.150399845 -11.1800620529
47 505.835402614 -11.6182717392
48 497.297336792 -11.4928692766
49 442.934989347 -10.1660395055
50 474.511069169 -11.3174825334
51 470.079980935 -10.6848906576
52 536.38769973 -12.4022690969
53 422.43117927 -9.86348712828
54 507.651442154 -11.7309623206
55 484.811479996 -10.9009958536
56 533.135545577 -12.1903802605
57 454.422997846 -10.6150167082
58 577.016266218 -12.4533493215
59 447.16340214 -10.143037299
60 458.454630816 -10.3128925553
61 474.893029549 -10.9932994655
62 518.479224283 -11.467137022
63 452.241121688 -10.3708606307
