0 433.560376129 -10.110753504
1 392.151917758 -10.3318622404
2 347.654926837 -8.28583156991
3 437.972657791 -10.4900346559
4 390.885997302 -9.04339732516
5 372.206540336 -8.93919557231
6 344.414707104 -8.10768741716
7 366.339970165 -8.85451463137
8 463.946186669 -10.8644647927
9 398.437237996 -9.42837858288
10 409.927472374 -9.76831006801
11 372.289381524 -8.85349407036
12 407.900422223 -9.93873365195
13 401.822628168 -9.81434990549
14 421.27134766 -9.91248951445
15 388.84738681 -9.09784133887
16 388.274277819 -9.13660624051
17 380.13762424 -8.93403344703
18 411.459105081 -9.71748074066
19 399.995352152 -9.61147933395
20 435.726782487 -10.5736621479
21 349.043283355 -8.36924105894
22 336.01238704 -8.06941921498
23 387.844764418 -9.18477874832
24 407.969711473 -9.61707887199
25 395.201830874 -9.31775886806
26 344.200978801 -8.10169318666
27 336.35076305 -8.14388450425
28 363.187507812 -8.71152251988
29 408.8907838 -9.84586749855
30 429.597395697 -9.95039833166
31 413.162338172 -10.0109765888
32 377.409056864 -8.81082118068
33 410.20139592 -9.62044919141
34 352.079288536 -8.28996083946
35 401.341854029 -9.76200255892
36 375.781881781 -8.93716222698
37 397.918913522 -9.56100195803
38 344.472133874 -7.98369267609
39 395.869130363 -9.40476707544
40 379.635843223 -8.90529000033
41 406.705561939 -9.77928236931
42 377.340774906 -8.75941224636
43 417.156748961 -10.0459982925
44 348.899639183 -8.1842021012
45 381.74501093 -9.17831578194
46 342.120931593 -8.20075765432
47 348.415985571 -8.22106504213
48 319.449063937 -7.62486419329
49 337.59440644 -8.0260167094
50 422.917438135 -9.86840660898
51 399.843014265 -9.33873971336
52 379.155122937 -9.03349416399
53 364.3962416 -8.73716976932
54 368.27741648 -8.81271124175
55 321.88324754 -7.56489381427
56 393.500138989 -9.33082218475
57 366.960656382 -8.60924069842
58 421.308754766 -9.87925970731
59 396.926674171 -9.51361042112
60 385.859613056 -9.00595859135
61 412.116889861 -9.70100472811
62 393.831886652 -9.09284575838
63 413.060088992 -9.52376419826
