0 480.800114113 -10.2869768456
1 401.721961105 -10.0032773246
2 429.747174148 -9.22626717471
3 414.60598002 -8.91340424223
4 425.169167823 -9.23090448275
5 435.422826604 -9.52817550539
6 451.95058205 -9.4857358762
7 396.196348081 -8.74193565147
8 451.899642273 -8.99710271067
9 389.114786385 -8.85863723654
10 489.402117229 -10.306891316
11 472.860468087 -10.6131517728
12 478.045568928 -11.2999997527
13 452.382800494 -10.0268175326
14 425.925057636 -8.93814282039
15 389.527101589 -8.41523315258
16 522.593975795 -10.7217684498
17 493.179312367 -10.579704578
18 523.920450364 -10.2353985751
19 458.762820921 -9.99055252084
20 418.960983617 -9.37566538749
21 481.955925128 -10.8143689625
22 459.873189509 -9.57728876766
23 451.541576958 -9.50550714876
24 413.305205429 -8.7494736574
25 375.21972121 -8.2663095664
26 485.459045302 -10.8500204562
27 442.436376049 -9.60384107164
28 367.42985376 -8.26276627416
29 410.592324135 -9.38892115372
30 497.9302211 -10.8052688963
31 487.989004893 -10.3525754167
32 375.249996522 -8.26000576989
33 461.76692339 -10.5111463779
34 441.81424376 -9.55045015776
35 376.334222778 -8.37631694398
36 411.070385664 -8.79070450682
37 407.56435229 -9.19634338652
38 450.131408328 -9.5957837934
39 450.356212926 -9.26629850539
40 427.025062367 -9.2123084093
41 418.528077109 -9.2990663808
42 434.299533182 -9.01760516663
43 425.359703153 -9.21040919046
44 475.797543377 -10.2461602813
45 398.72000455 -8.70042477078
46 462.510257921 -10.0829082986
47 469.336587975 -9.94121640229
48 459.738292566 -9.98160659309
49 415.15332771 -8.95294937041
50 352.685660281 -7.98987923347
51 483.471779408 -10.5784015141
52 495.743508719 -10.7564918266
53 490.770368704 -10.8163229172
54 400.148393092 -8.65124811442
55 419.159084784 -8.84667119735
56 409.2690162 -8.71689364681
57 452.462203775 -9.45406131911
58 429.790721658 -9.42619798155
59 473.586198861 -9.50410600754
60 435.13192864 -9.54855892367
61 472.08348541 -10.2284723659
62 491.010075456 -10.719562786
63 541.996858571 -11.7285716127
