0 581.755958379 -12.0610233603
1 564.481328618 -13.1472465374
2 570.140467955 -11.7746139802
3 629.904077778 -13.3223043593
4 593.465660374 -12.0606496723
5 550.039582219 -11.718593136
6 544.926329171 -11.564554647
7 647.367456366 -13.4472750088
8 582.429245791 -12.1555125815
9 470.515099956 -9.8593711406
10 541.726348271 -11.4577710321
11 504.518005961 -10.6934308936
12 524.985499742 -11.1054844729
13 571.205044294 -11.913664844
14 567.235519907 -11.6484652307
15 571.698579545 -11.8238707759
16 553.039646224 -11.1268885296
17 467.949651336 -9.76331534875
18 558.844661638 -11.9969663979
19 534.280879732 -11.4392996816
20 606.360436452 -12.8511072468
21 512.833640025 -10.6236257984
22 601.315813983 -12.5921186377
23 539.581976031 -11.3279382645
24 547.01595 -11.2438658671
25 534.307377888 -11.078615882
26 632.016800355 -12.9590644882
27 544.58075518 -11.1794923175
28 612.64420075 -12.8994855062
29 532.122298626 -11.2832651512
30 638.457695332 -12.7273400869
31 540.731716661 -11.3338746962
32 518.777986111 -10.9317509842
33 564.221535009 -11.6064253935
34 551.053448861 -11.2052547331
35 541.984457999 -11.4505633677
36 525.33353095 -11.0575939282
37 563.508332338 -12.0084099855
38 510.982532534 -10.36425051
39 496.159905803 -10.5279224602
40 556.823159135 -11.4878834283
41 617.80443331 -12.7346554573
42 667.080235545 -13.460722467
43 507.920296254 -10.5822412721
44 516.141900563 -10.8284963262
45 552.246875877 -11.4268083395
46 525.461509203 -11.0901721481
47 497.380990705 -10.5007492997
48 533.808514256 -10.6621890596
49 578.8672318 -12.0651523703
50 585.672588652 -12.5791481858
51 651.754180112 -13.1830912023
52 568.253301546 -11.9620918449
53 610.392393081 -12.6891859462
54 542.172542267 -11.067618059
55 522.930179602 -10.8527146877
56 575.024134517 -11.8805248765
57 460.448838929 -9.70746324947
58 579.288854376 -11.4880969125
59 546.386022039 -10.7873586266
60 507.924470239 -10.2677372563
61 665.456809417 -13.9685401001
62 503.810914002 -10.6660553316
63 532.511645059 -10.7833696253
