0 490.083557884 -10.5807798155
1 456.986343055 -11.0164355223
2 458.473205532 -10.1458174844
3 482.155295654 -10.1670425461
4 560.894752888 -12.0002088382
5 494.864213424 -10.9757247102
6 481.05091002 -10.3360150824
7 487.254341237 -10.5475959813
8 475.411154088 -10.3940078421
9 445.057681772 -9.84201632294
10 444.295229477 -9.26468623112
11 513.234134531 -11.1766364887
12 507.668679708 -11.0574321807
13 458.464104649 -9.75085082054
14 436.380215931 -9.35124895077
15 481.866445845 -10.5142959263
16 462.861248436 -9.63706473169
17 491.975659286 -10.7594040956
18 441.933735566 -9.60707599716
19 533.609046126 -11.5517567985
20 505.886204869 -11.3659265857
21 452.604767038 -9.86136910321
22 428.159502936 -9.17946017689
23 493.374288721 -10.2787785029
24 590.043485985 -11.9113890396
25 496.805696503 -10.6625462898
26 489.324838924 -10.8806537531
27 515.772109881 -11.1341369511
28 539.950386217 -11.2278575412
29 492.238456622 -10.5896188908
30 516.329616022 -10.960812328
31 517.283597819 -10.8725547612
32 468.975056124 -9.16860742508
33 413.865424568 -8.94523461691
34 509.211403902 -10.7376604168
35 467.921256049 -10.114679012
36 537.215332915 -11.0141319647
37 503.481982781 -10.6184595945
38 473.873749468 -9.90918878054
39 531.610447944 -11.2372413176
40 512.96215935 -11.0050831961
41 449.64875586 -9.79694974537
42 581.921640762 -12.0911636535
43 544.459725021 -11.5615910248
44 514.286450747 -10.528107357
45 503.633123091 -10.6678187839
46 483.76174335 -10.4825068927
47 520.616110076 -11.1703136242
48 521.63756389 -10.2162175381
49 504.713230652 -11.0320070127
50 539.911093205 -11.2683371336
51 488.182047745 -10.6259329241
52 455.986053582 -9.95788640309
53 462.550013547 -9.74183059535
54 529.751845208 -10.6797957192
55 468.560802409 -10.0848436033
56 421.515506801 -8.7819335328
57 489.716536746 -10.6932211259
58 622.681859533 -12.5801034245
59 545.14059022 -11.814925384
60 507.436762492 -10.3800944451
61 490.314415806 -10.0773799307
62 557.023939972 -11.5170299276
63 460.165462502 -9.79519796209
