0 368.853396479 -7.17372662117
1 446.431371542 -9.82989023435
2 431.303773542 -7.83745252863
3 428.659395136 -7.69204449444
4 408.197231465 -7.86733880417
5 422.708910419 -7.89883570168
6 420.226174284 -7.70093203445
7 482.916219466 -9.46923047875
8 392.722621743 -6.8221283183
9 470.00683184 -8.28594573685
10 503.816606654 -9.11626433446
11 412.656182401 -7.29514766922
12 406.205702745 -8.14029062242
13 463.183104989 -9.10207372125
14 462.418600027 -8.38915072489
15 513.611513469 -9.97061972649
16 423.135098822 -8.05702887952
17 477.321231913 -8.83006248452
18 383.93558712 -6.92725767065
19 407.730654657 -7.48034194347
20 446.434875687 -8.84543663391
21 405.029767728 -7.72850840493
22 498.953136725 -9.37422749193
23 440.148445874 -8.45715194935
24 405.262792687 -7.89032812937
25 476.699031139 -8.13881122501
26 511.681849083 -9.46412458041
27 480.385879094 -8.59246459882
28 425.800739936 -8.31960524089
29 435.755861118 -7.92369417909
30 460.158184799 -9.07801431787
31 450.286538288 -7.7716259165
32 439.456005432 -7.78838946415
33 484.306670228 -9.55465025987
34 488.189717859 -9.08388082218
35 380.205210988 -7.55061935053
36 421.260470909 -7.48696918698
37 463.042165107 -8.63311075943
38 426.188211174 -7.72009156174
39 473.822261986 -8.93600069832
40 475.000270166 -9.01294868449
41 436.566185091 -8.48161753537
42 460.570698453 -9.07513889588
43 462.083825687 -9.04429057148
44 397.997038035 -7.5093409177
45 416.749126723 -7.50232429812
46 426.800344786 -7.97488985659
47 516.156587826 -9.49068362281
48 428.501521281 -8.54445933923
49 391.338950959 -7.8243632215
50 441.18810154 -8.1656365085
51 447.923152398 -7.93110930241
52 456.908381773 -8.78127141518
53 437.098187068 -8.61240884504
54 426.696873526 -8.05706675741
55 471.987884642 -7.67607017804
56 423.567094552 -7.95903649316
57 500.210501865 -9.41884584819
58 393.971593358 -7.1664536275
59 420.516843116 -8.34499580588
60 495.984268608 -9.88010686148
61 428.743889324 -8.19221508203
62 443.519478114 -7.87625519187
63 421.833523594 -8.31131695628
