0 512.129714565 -11.5621348885
1 544.212573066 -12.8740794963
2 558.516764435 -12.4845851383
3 604.381684276 -13.805962638
4 467.291109547 -10.6546090137
5 539.779885845 -12.2282024202
6 542.336544825 -11.7005200152
7 472.390142422 -10.9245595583
8 553.092773038 -12.4472382575
9 524.88666709 -11.8212846734
10 464.835195426 -10.369735575
11 547.403103551 -12.4420915128
12 619.962746089 -14.0217441822
13 504.771458426 -11.2658710168
14 544.515507637 -12.0066578257
15 517.634018072 -11.6949926913
16 559.701497553 -12.5750141791
17 519.223322691 -11.6857135572
18 556.77153565 -12.5652452001
19 549.423257685 -12.3627579236
20 464.378439893 -10.5607397172
21 539.057142172 -12.0310585121
22 567.39039309 -12.7472424003
23 450.288605863 -10.0683445454
24 560.019593307 -12.482958488
25 512.651834068 -11.8810236686
26 503.001846812 -11.5942171535
27 496.210454785 -11.5439757698
28 530.965729011 -11.9902324862
29 503.51729918 -11.3224222986
30 459.241714022 -10.3368556531
31 473.928129129 -10.6411931336
32 546.626738764 -12.226712986
33 540.639910653 -12.2285232413
34 459.289887462 -10.4838403858
35 477.707422541 -10.5878971863
36 520.389340442 -11.2553391639
37 496.400962944 -11.3764901701
38 493.834320376 -10.935708441
39 584.780573111 -13.0101711505
40 514.385449677 -11.7426919677
41 487.532497336 -10.8842847224
42 496.004223362 -11.2300881339
43 535.240913418 -11.7242807655
44 519.227299395 -11.6942148679
45 518.906218598 -11.7740037087
46 472.875860411 -10.410319509
47 524.342256772 -11.9431548507
48 535.630903084 -11.7290611861
49 575.183662418 -12.6667479812
50 514.924014129 -11.5374420534
51 498.178725387 -11.4410929944
52 488.78876764 -10.9681900359
53 538.690256084 -12.3129995756
54 508.829445566 -11.2628515341
55 516.223499989 -11.5416040414
56 586.495459359 -13.2292537346
57 458.681550149 -10.2692796263
58 509.05251507 -11.3308376032
59 566.613124366 -11.8854730293
60 514.994977263 -11.4476552904
61 483.980240873 -10.9419374976
62 502.395759357 -11.0157230483
63 548.861782629 -12.3548816156
