0 455.583445881 -10.1259442191
1 374.048353629 -9.11351757608
2 421.233399204 -9.48597107478
3 459.500385736 -10.2223858422
4 425.857220415 -9.66095472761
5 450.3544635 -9.84838270841
6 431.617435491 -9.5394297517
7 455.088952791 -10.0993811039
8 398.357666056 -8.66700660532
9 456.927296304 -10.0258922733
10 460.422692829 -10.1423695092
11 472.771715736 -10.5449091001
12 432.881247313 -10.2638580794
13 446.596749542 -9.86568149079
14 459.009430132 -10.2972705437
15 495.897232507 -10.531186541
16 502.12497863 -10.997845369
17 434.975869642 -9.79721147492
18 415.590396132 -9.17333990143
19 409.876677319 -9.14396284457
20 457.436573619 -10.3401799928
21 407.487886482 -9.10762651827
22 520.024143033 -11.3225438348
23 446.917516361 -10.0636386875
24 479.386802038 -10.4283732645
25 455.204316662 -10.0479887907
26 433.996674271 -9.49758803593
27 415.177683797 -9.43115423208
28 449.639380669 -9.77246191521
29 478.122578631 -10.6176982656
30 404.275649807 -9.06643969037
31 461.292052156 -10.0805307645
32 414.082812008 -9.23411342197
33 511.210577425 -10.9927241122
34 435.050238531 -9.53538181432
35 463.107934736 -10.3073485661
36 425.3633123 -9.26949869485
37 415.911141047 -9.23186058345
38 421.245816242 -9.49055358979
39 430.502475974 -9.57099523666
40 477.086470688 -10.6153399033
41 390.33727429 -8.61239343189
42 436.913088086 -9.45491263211
43 493.062777724 -10.8005094437
44 451.661798467 -9.89630855245
45 435.254635661 -9.83945463583
46 501.590761486 -10.7019349432
47 438.327877788 -9.98762314821
48 462.1331889 -10.4615884992
49 458.762893455 -10.0813391404
50 472.734225293 -10.6027658001
51 420.533120942 -9.57048815052
52 424.361698504 -9.41361703598
53 448.102903506 -9.81048613435
54 427.917897186 -9.52075418033
55 450.301387231 -9.75732767922
56 470.077706303 -10.5781684415
57 444.025807986 -9.72251721633
58 471.873129519 -10.2251143587
59 495.794788221 -11.0033357873
60 445.857064508 -9.90013925873
61 469.716973818 -10.3527890197
62 387.552989755 -8.88709433352
63 412.802207105 -9.05491481989
