0 433.407512229 -9.00820315917
1 466.598922854 -10.2044868609
2 470.142375534 -9.34823972129
3 488.110166135 -9.91693659569
4 448.230030717 -9.24383296764
5 517.64097646 -10.1837647583
6 460.954976234 -9.46719000292
7 460.775521947 -9.57385498566
8 546.64356799 -10.5112848401
9 412.613653062 -8.52453901451
10 459.486148339 -9.31249234488
11 434.164154558 -9.21753922913
12 445.686540138 -9.60770904443
13 427.683772172 -8.73484059842
14 515.003705198 -9.79088023711
15 413.916874475 -8.33275699208
16 414.88127133 -8.96172362345
17 554.730505594 -11.5128986417
18 463.839663277 -8.76038349548
19 466.993907074 -9.41923178372
20 443.322692379 -9.22524565915
21 473.645818783 -9.63073548783
22 492.673941121 -9.8000811096
23 476.884223144 -9.22984500075
24 501.809118794 -10.3712943475
25 466.983455446 -9.45208423509
26 430.775107251 -8.96257627326
27 433.074910724 -9.27004750619
28 487.574979018 -9.71557518508
29 448.916899915 -9.4314864673
30 495.068550442 -9.97892014962
31 489.036903772 -10.3860502445
32 478.277884264 -9.0598348168
33 474.433734671 -9.76604650575
34 487.797782282 -9.94352750799
35 455.926310818 -9.04097053977
36 396.146594508 -7.94802153182
37 474.948884259 -10.2755733211
38 524.579349334 -10.1146792145
39 481.414978631 -10.1180767507
40 424.489255642 -9.33336789923
41 504.722302768 -10.31223798
42 472.652065525 -9.41156846578
43 470.608954314 -9.84235586191
44 450.389018176 -9.50321145169
45 452.188432427 -8.86401527357
46 471.420877994 -9.82922921547
47 455.88050617 -8.98784211469
48 454.439791834 -9.44232482017
49 481.924068181 -9.49851980625
50 530.030748049 -10.895922808
51 476.813735603 -9.65170348001
52 470.568182515 -9.92089979644
53 516.483222479 -10.4186497752
54 414.972228121 -8.62822228121
55 513.006621177 -10.5032231461
56 550.600191486 -10.6363187113
57 458.346618818 -9.42442428239
58 502.573337682 -10.2147510743
59 453.273119433 -8.99680999838
60 495.591396905 -10.0288470522
61 488.0162184 -9.90945269632
62 496.732947658 -10.222574663
63 435.536225257 -8.84637212823
