0 441.3096292280257 -9.507849952675198
1 451.2505796905472 -11.055748564981743
2 412.10007742331544 -9.260070720917149
3 391.90170227280817 -8.780344606973607
4 446.41715475774276 -9.699225079402916
5 467.28508722551874 -10.48033391902482
6 537.9951356554932 -11.421022983835776
7 446.83000561911547 -9.754185439803782
8 399.71851895197364 -8.703127282333453
9 495.98541456349403 -10.991301682071091
10 474.7005787212395 -10.546940703393068
11 426.65874663885177 -9.411425963292665
12 458.82908778117115 -10.781101499181572
13 479.41480188651764 -10.483278398857598
14 413.4051062408508 -8.964879077468142
15 507.1661062595511 -11.32459194045421
16 497.1465304693771 -10.556576097687332
17 428.55183695394504 -9.2997148541867
18 472.36204050897345 -10.279935831958023
19 427.4183014756136 -9.525958407821578
20 382.4230049806224 -8.395241448281821
21 412.2507036834583 -9.290452295568441
22 445.973768376574 -9.766301326241466
23 541.1534080726063 -11.741405487508942
24 443.7938035150012 -9.669471362294566
25 458.77281330410625 -10.155318357212455
26 456.75474874868183 -10.022878511543892
27 477.3007713034016 -10.408460092052847
28 448.56938666372685 -9.783479515615433
29 419.64098459016253 -9.266129035925196
30 441.65735796365976 -9.534448151139229
31 465.69068341312214 -10.190774311450886
32 466.46309471790875 -10.113308747418001
33 446.91734942438165 -9.782948991256102
34 537.3636820492296 -11.66824526389295
35 438.01358343143704 -9.442432980024712
36 475.77268278509763 -10.19312168013839
37 460.05289276666997 -10.022810805865987
38 447.28936561284894 -9.777165310100877
39 478.54246677380576 -10.742086135696027
40 427.57477121204226 -9.360746033395621
41 466.371712275589 -10.020543092234215
42 448.55019427098813 -9.760858989674619
43 437.86447340180723 -9.59188556943038
44 523.3829674631602 -11.208307394249635
45 487.39788022402007 -10.680414997270667
46 426.08807248106217 -9.438554606508083
47 473.18989929034535 -10.498384898183387
48 456.49121710459957 -9.8928509377175
49 360.10455666277045 -7.901432624189962
50 532.1430832121661 -11.269066500805318
51 447.22515665794214 -10.089092599352096
52 518.3904213479611 -11.231714001427562
53 482.9389093618703 -10.63599490038251
54 476.1409979808983 -10.226704676558043
55 399.6723398871108 -8.875844636791525
56 435.4805859310255 -9.422256064485795
57 459.47271231324487 -10.163170575258993
58 486.14634130942056 -10.595385072590538
59 478.6627844650986 -10.355686813936225
60 498.10553215659615 -10.525712250140835
61 492.1754304733435 -10.580058419283239
62 466.3635036724215 -10.05773288828522
63 399.33274442254526 -8.749088127467255
