0 398.780245749 -8.29313076217
1 378.376401001 -9.0123616181
2 369.745909997 -8.5214008602
3 428.501143198 -8.85082788612
4 414.361429232 -8.74245124431
5 431.863647707 -9.75733963869
6 359.138249708 -7.96868146331
7 363.694064126 -8.75629075094
8 382.762008906 -8.83894910204
9 400.777683796 -9.52645510444
10 378.3286636 -8.43609850058
11 402.831291654 -8.96353838196
12 380.213544687 -9.0377525409
13 372.042421588 -8.64395096607
14 425.70830404 -9.15950661823
15 365.722382543 -8.55256879526
16 348.54326448 -7.88305730207
17 427.53376171 -9.47796461957
18 375.340929826 -8.64178654349
19 391.741342199 -8.59893461762
20 392.18168549 -9.24163578627
21 364.133358308 -8.49138399707
22 358.739251768 -8.00080975939
23 380.670990319 -9.04194686935
24 406.327054772 -9.2394958435
25 425.337157892 -10.0403407938
26 378.513948951 -9.02755809438
27 403.478009275 -8.7276033281
28 396.107832628 -8.95190108067
29 357.493779356 -8.04728560248
30 457.612532605 -10.1614930543
31 422.990965718 -9.08736718147
32 334.554620828 -7.67933392326
33 453.37610726 -10.086844676
34 378.324190967 -8.54549438459
35 362.706355082 -8.15298937706
36 336.427226254 -7.72760816285
37 401.83641003 -8.8572223523
38 371.901403937 -8.56866641801
39 350.874920403 -8.24207917622
40 357.504936947 -8.13086846773
41 334.687858415 -8.01392020764
42 389.842476365 -8.97646693576
43 367.930085935 -8.11535445414
44 318.741087343 -6.95625448053
45 424.270381107 -9.48927200593
46 356.11019238 -7.89307142232
47 369.167083981 -8.52605836936
48 361.43851154 -8.42000802601
49 378.91918341 -8.58583973446
50 385.637809954 -8.95908494943
51 356.064945522 -7.7012886372
52 415.961757104 -9.17379739495
53 376.21683264 -8.65718769799
54 370.202877272 -8.33139037236
55 361.505741187 -8.34600274842
56 410.154003863 -9.328983356
57 392.468860132 -9.0069590685
58 435.068144517 -10.2639175859
59 411.486901572 -8.37563271005
60 322.962166077 -7.51341984459
61 433.585460357 -8.88286528309
62 394.264997373 -9.37766870539
63 357.291224524 -7.5027618736
