0 572.056748433 -11.3582015994
1 535.308983103 -12.0649191144
2 411.50394862 -8.45563695534
3 482.862525957 -10.0289495492
4 411.945159968 -8.26031177917
5 527.575310306 -10.7810828639
6 536.518040675 -10.9288754755
7 487.308737581 -9.92771924344
8 410.664528515 -8.47820833304
9 489.819043589 -10.2648382563
10 463.061574147 -9.47187083626
11 506.596322058 -10.4327064821
12 478.121352197 -10.2636489198
13 441.901596779 -9.1916221178
14 442.982264162 -8.9444988426
15 427.268655743 -8.74079240445
16 473.253783092 -9.48101860503
17 464.663005675 -9.48322870667
18 540.76152782 -10.9107347729
19 479.18722024 -9.83378977796
20 516.335871571 -10.9175419411
21 510.75901664 -10.3633186674
22 474.497774057 -9.74073535956
23 502.699348977 -10.0259095632
24 552.669198004 -11.2274881556
25 473.889507399 -9.82370182528
26 483.497527 -9.93950712383
27 479.972528883 -9.95322867228
28 469.349193933 -9.70498951666
29 474.190069513 -9.87982612377
30 575.635744824 -11.6850467006
31 466.680774447 -9.57111268604
32 463.716282699 -9.71094855694
33 468.236484494 -9.60042869533
34 472.863445981 -9.53983678447
35 525.726817078 -10.6062043087
36 546.518633699 -10.9390801382
37 487.592676162 -10.1109446989
38 476.4395919 -9.75094617793
39 456.641719533 -9.5352795058
40 484.262762238 -9.73974508969
41 514.266136401 -10.4886125888
42 539.656314888 -10.9314065051
43 535.105271253 -11.1136024903
44 525.628545278 -10.5466106902
45 545.344851795 -11.1797133233
46 485.840075381 -9.72222136435
47 538.31574764 -11.0286910003
48 539.026317273 -10.7247230233
49 561.538602698 -11.6617788719
50 490.869566934 -10.1507961905
51 485.374464898 -9.9629595561
52 523.46214749 -10.3950511243
53 539.425432212 -10.8527297105
54 462.991651417 -9.46147730302
55 549.344615919 -11.2448718299
56 505.135152926 -10.4207748889
57 554.588248569 -11.3580266467
58 511.876141833 -10.2025841985
59 529.03010939 -10.7757415692
60 471.955784581 -9.91026216677
61 533.529552108 -10.8073999092
62 548.329477815 -11.0043674017
63 518.787675889 -10.3602832277
