0 591.857382781498 -12.192468158498645
1 522.1992614504387 -13.078460991990228
2 560.208160755883 -11.386919183713355
3 565.1288061547652 -12.164872752640347
4 632.8342784802691 -13.513886519251603
5 457.3988605549498 -10.410826785067647
6 557.0061694121465 -11.615403474157556
7 590.8311687127065 -12.301480130516538
8 544.7455732704775 -11.691209848621009
9 516.6213757547399 -11.237086873891442
10 521.9952060106716 -11.373925967220654
11 483.01044103584996 -10.689103431952303
12 0 0
13 527.0736387605955 -11.591814796863547
14 531.0019610033002 -11.372391707284773
15 470.44650381128525 -10.562809169150643
16 532.1273464611193 -10.94784878199114
17 441.870111998358 -9.968765464648996
18 549.9461248831699 -12.033256773929141
19 555.1502616227417 -12.340756119713369
20 650.950370668988 -12.081468663191522
21 507.95077641705404 -11.069820911860957
22 522.3568345918899 -12.02029599057497
23 493.2367567510066 -10.911138286433777
24 496.774350759557 -10.819307851218984
25 468.33689290421285 -10.467188946060704
26 486.5770069985927 -11.055482019276083
27 490.6770063915881 -11.26567242501933
28 569.3536214494266 -10.983898535931965
29 495.30036486981254 -10.815668683675733
30 482.03769842561326 -10.603000617766977
31 592.8715124208443 -11.7202460926425
32 557.4207053339258 -12.372289625567404
33 590.6296280339257 -12.25802267120764
34 571.2376305306784 -11.583904260598665
35 512.2802951144669 -11.57231141180305
36 638.9787450373711 -12.799849282914842
37 600.6966744048731 -12.795369329429505
38 566.6507508461751 -11.880302968613469
39 550.5296511111053 -11.623283056930388
40 571.2382377443898 -11.854004197908711
41 532.6944315588903 -10.658956984099143
42 547.3423642829528 -11.849852536773207
43 493.94669382707986 -11.491388683872511
44 511.1893088990106 -11.311752906717699
45 539.7664763429184 -11.845866656147376
46 463.7131714778285 -9.25448510507331
47 503.2240630233514 -10.372298646938875
48 537.7817353637929 -11.322612993443569
49 519.1351696908827 -12.258894610491604
50 508.946875923966 -10.708437089126521
51 492.89205471750734 -10.9480783749274
52 None None
53 504.19768779929154 -11.49841789996831
54 584.0866588304207 -12.208508944194145
55 553.5864520226686 -12.360210311451961
56 543.870864357818 -11.955143467375878
57 462.8540362576248 -10.310806033705349
58 577.931139500083 -12.414380222429674
59 494.6786997792451 -10.963926595961235
60 499.7109426146123 -10.075999393969193
61 507.25490170455924 -11.150710560902947
62 610.651390887353 -10.422235385542718
63 578.0623893140537 -12.58202177881369
