0 465.663326604 -11.4311046623
1 501.784015897 -13.0920016826
2 544.439210842 -12.4751531959
3 436.063053895 -11.6676874549
4 441.206186919 -10.8237327984
5 494.114143066 -12.3224498545
6 410.665806311 -10.2417205921
7 415.278749225 -11.3566759349
8 422.112178893 -11.0776012449
9 451.040414673 -10.9269004452
10 556.627891204 -13.7685566583
11 386.184805415 -10.1087486297
12 546.196380872 -13.7806876902
13 398.069621472 -10.9054694852
14 440.808613452 -11.1804697316
15 481.845962209 -11.9669878113
16 424.620771579 -11.2063523544
17 421.291311806 -11.0537973317
18 444.074842628 -10.7218851922
19 463.378167294 -11.3862553959
20 404.42337014 -10.4428686744
21 477.068396905 -12.5558467299
22 475.468422338 -12.4494585906
23 410.449794641 -10.8879212075
24 407.710760461 -10.2003199
25 375.448513044 -10.341259337
26 423.130484827 -10.166771696
27 550.214967328 -13.6133118461
28 448.716183642 -10.4783428154
29 480.380226236 -11.7427198925
30 422.007377985 -10.9235283906
31 419.661327658 -11.1235737932
32 455.417500222 -11.3484600502
33 414.854300896 -10.7227731367
34 444.142800178 -11.8575319509
35 501.078980669 -12.9593027306
36 439.649189214 -11.263185097
37 476.913513464 -11.898350457
38 380.934062757 -10.3748832916
39 436.464709666 -11.40701372
40 457.824107521 -11.4524885411
41 411.005916774 -10.5186361807
42 417.283517482 -11.6521673058
43 490.704100395 -11.2718550238
44 403.111742764 -10.8461179197
45 480.881978375 -11.9529572256
46 430.488053609 -10.7553920206
47 486.133437565 -12.8289347818
48 408.835147743 -10.6179804727
49 395.124810452 -9.61958973047
50 519.572429388 -12.4290553268
51 396.733541156 -9.71255489674
52 492.631024001 -12.6307732671
53 411.857133535 -11.4053788838
54 431.936406283 -11.4769340582
55 459.955691003 -12.5050599393
56 559.262024304 -12.1094839543
57 417.584786439 -10.7726661732
58 372.301198228 -9.69861249603
59 436.331982021 -10.2376896881
60 407.319876807 -10.960308444
61 501.430040439 -13.4643672944
62 469.530937999 -12.1089174323
63 456.001063894 -11.3709183453
