0 437.962720483 -9.71885767558
1 556.091442565 -13.3721068415
2 471.841020735 -10.7853791981
3 565.449035677 -12.6467699886
4 449.555199306 -10.2149360589
5 507.184531789 -11.2409748005
6 521.682863899 -11.5269650225
7 493.459787591 -11.4202704318
8 520.449101029 -11.6725313
9 591.97195087 -12.9875597819
10 504.587474316 -10.8360399182
11 527.631085421 -11.5630201439
12 553.334610703 -12.6878995943
13 506.564296822 -11.4606095799
14 468.139190399 -10.3601107938
15 432.14814455 13.9274894932
16 467.366429404 -10.4037342321
17 507.292822426 -11.4981353535
18 564.52324653 -12.5024499972
19 587.962195168 -13.0296652979
20 544.390506266 -12.2867455052
21 469.617298252 -10.8166276354
22 483.594956593 -10.8078145701
23 497.337844548 -11.3045512876
24 545.963121533 -12.1824006264
25 493.459057651 -11.3520293583
26 477.341549357 -10.8103607796
27 515.70060062 -11.3869824887
28 472.150720654 -10.3658937929
29 474.535474066 -10.6513050882
30 511.566270462 -11.1858565793
31 515.724345304 -10.8229521079
32 454.933149152 -10.3806441793
33 475.025943814 -10.8935849006
34 487.285723413 -10.8065840701
35 471.127056696 -10.8317050816
36 443.26352492 -9.953233513
37 503.641082315 -10.9573708251
38 538.639218303 -12.0454278658
39 479.960201787 -10.8524122359
40 416.110008463 -9.20831437409
41 450.981114611 -10.0340903901
42 472.356027933 -10.8095403596
43 492.314439094 -10.6764480197
44 532.553027774 -11.4235407632
45 441.110643093 -9.90989981992
46 534.991441611 -12.0894485611
47 523.207103814 -11.7093073137
48 522.909654201 -11.4501528309
49 466.655625683 -10.4563052405
50 397.928392965 -8.72189606601
51 524.122210529 -11.6713437092
52 517.437374505 -11.0287371647
53 516.091925376 -11.6029640494
54 542.07985755 -12.1297502922
55 493.835256969 -11.0747260919
56 486.446924815 -10.8599548427
57 591.957825783 -12.9576100939
58 461.223171444 -10.526289878
59 566.930003757 -12.5558182104
60 445.969781657 -10.1351642263
61 521.04820413 -11.8843537785
62 526.979355929 -11.9110475601
63 505.494528233 -11.1985669675
