0 466.345948604 -10.286374342
1 461.687830167 -11.4049384264
2 442.251289559 -10.0091419522
3 516.776604687 -11.1763132869
4 509.501500894 -11.2049361228
5 466.988140213 -10.1335167142
6 480.124744679 -10.5428614839
7 492.184625885 -10.7012085185
8 441.829267668 -9.6492801355
9 492.932614417 -10.8270387056
10 557.922312694 -11.9759576942
11 529.883516295 -11.6904682968
12 472.634217384 -10.7807565129
13 539.366417243 -12.0746525773
14 402.104400237 -8.93269821913
15 434.518439487 -9.80281152143
16 509.009413342 -11.1710952079
17 434.43596984 -9.38117835171
18 484.837365568 -10.7028355456
19 502.522072444 -11.2414608405
20 463.895776201 -10.0980985199
21 420.317742856 -9.10196645069
22 420.605069649 -9.17995353317
23 487.249192817 -10.7095912001
24 509.037468589 -10.8941182305
25 460.357586446 -10.0420028974
26 547.537234301 -11.9309918401
27 491.597859523 -10.6899909076
28 520.198001519 -11.3800222018
29 485.573755178 -10.5798384098
30 536.985571329 -11.8641643793
31 490.602334307 -10.5497475975
32 463.886827564 -10.3254136104
33 483.727769853 -10.4952633487
34 482.705213816 -10.4513047475
35 521.222732487 -11.2639980452
36 519.005445328 -10.8698404691
37 472.938570657 -10.5151924431
38 466.788235508 -10.010331264
39 492.274007329 -10.7073820625
40 502.060832179 -10.6306263193
41 447.647882257 -9.94011790222
42 492.722511393 -10.477409162
43 465.550375293 -10.1996427804
44 462.156208898 -9.96710767045
45 536.04383553 -11.7530673731
46 535.050519472 -11.6022746537
47 457.886293538 -10.0060335716
48 534.775533706 -11.3557116024
49 520.835795237 -11.1323194653
50 500.152934297 -10.7917123756
51 444.859838429 -9.95241506352
52 454.450763983 -10.1347476023
53 552.895700371 -11.8421724203
54 520.205626126 -11.0452053246
55 446.517332867 -9.79301949691
56 465.571941948 -10.1106223555
57 429.659596486 -9.52016693044
58 431.621982588 -9.56614001208
59 475.511854996 -10.2239672398
60 487.875385707 -10.9039107465
61 439.804583337 -9.66743878859
62 539.819801495 -11.1524537534
63 425.034152972 -9.15948260779
