0 616.971161899 -14.8567707015
1 675.942033456 -17.7729369962
2 622.321031571 -14.872922333
3 568.496644106 -13.7141426588
4 542.944419068 -12.8879600478
5 587.441745824 -14.3361044404
6 572.575287566 -13.5406282862
7 602.151862763 -14.4277211183
8 538.609233555 -13.0608764824
9 590.752351113 -14.3034654418
10 643.799696856 -15.587809647
11 603.395997703 -14.3654420869
12 566.207756478 -14.2499251422
13 609.55811471 -14.7260531246
14 685.469342735 -16.8753784474
15 605.826904493 -14.4914223585
16 604.93905182 -13.9922452774
17 684.968034482 -16.7135127112
18 572.722848874 -13.7202248874
19 772.795455784 -18.0212497262
20 650.571598959 -15.7467166866
21 683.539902978 -16.3328747806
22 621.73712339 -15.0274630286
23 713.209469321 -17.3952233851
24 559.740081024 -13.4222125236
25 640.62752839 -15.5811733216
26 619.595771491 -14.4036125695
27 640.012136229 -14.7992108415
28 578.645402117 -13.1147792123
29 583.296935063 -13.7394172333
30 667.106273862 -16.1042818668
31 601.425284042 -14.438352749
32 701.773907198 -16.6832247425
33 645.21519645 -14.9223646584
34 649.83024815 -15.471984014
35 649.814916902 -15.5825848648
36 549.345387576 -12.8695947848
37 526.99687047 -12.6007704066
38 531.390678959 -12.5113531308
39 577.94127629 -14.1838044183
40 586.218880836 -13.7073096287
41 561.207721938 -13.211624759
42 553.109970129 -12.8722497328
43 581.407688254 -13.8176030624
44 633.852619708 -14.8627424828
45 603.57600082 -14.2170574958
46 596.444185774 -14.2528225992
47 546.355258733 -13.1544577732
48 549.713705347 -13.2762913352
49 518.384566785 -12.4791604756
50 563.242462374 -13.5118428615
51 561.507063217 -13.1454271587
52 694.116208444 -16.3236569153
53 531.784010913 -13.1499468933
54 591.224501081 -14.2641479375
55 688.529962997 -16.2242182971
56 708.31897585 -16.502799248
57 693.041453104 -16.3940936226
58 632.117209307 -14.8373522782
59 579.563605777 -14.0246231135
60 494.554639338 -11.6217082504
61 564.0825811 -13.6606107204
62 668.461689633 -14.9993063278
63 609.848835655 -14.1817084652
