0 636.076212848 -14.8315820068
1 623.587510593 -15.8310618149
2 613.490315121 -14.1985652658
3 609.279730855 -14.171342873
4 617.81405916 -14.247500783
5 597.56726295 -13.9041642413
6 565.783643655 -13.1137506332
7 618.654578805 -14.2229396477
8 623.320657836 -14.0196633178
9 570.021764742 -13.3302177043
10 612.257512036 -13.9359813185
11 691.652154976 -15.0653014448
12 678.916386559 -16.1994382823
13 597.152435354 -14.0723299054
14 563.369835529 -13.3225976091
15 609.880959329 -14.0854806128
16 631.915812628 -14.9479827607
17 610.137681752 -14.4330895271
18 640.554793824 -14.5622289316
19 652.226506907 -14.9998232401
20 616.028559564 -14.2876789383
21 682.025089641 -15.4865107031
22 683.944396283 -16.1946140684
23 593.586946255 -14.0018029828
24 641.163891846 -14.475169657
25 602.071779079 -13.8923405709
26 664.896537145 -15.2209974462
27 618.412511031 -14.5478728841
28 683.294317326 -15.7134062994
29 589.473462508 -13.6692344112
30 608.621211779 -13.9188708755
31 590.122721867 -13.4823450796
32 746.979917122 -17.2197904466
33 574.633415668 -13.1978345324
34 641.582196586 -14.2952559561
35 643.455899004 -15.2383529691
36 645.55691332 -14.6022830925
37 673.814203173 -14.9547295105
38 603.640774618 -13.9871803802
39 652.446478025 -14.7092348505
40 604.867658649 -13.5218184155
41 556.436295962 -13.1963681241
42 592.130212571 -13.8132199622
43 554.770648099 -12.9053382475
44 562.881238533 -12.8558991358
45 739.836006573 -16.9545154721
46 552.114847122 -12.6480784593
47 616.818872 -14.3831081634
48 660.200604033 -15.4171165515
49 609.583471511 -14.1925541664
50 612.130053618 -13.8984768927
51 617.342614783 -14.6583572786
52 624.37841347 -14.534211482
53 666.29836409 -15.4098521001
54 658.4822526 -15.0225506188
55 618.570784361 -14.5492779012
56 656.867913018 -15.0583025319
57 542.55099533 -12.5622252125
58 633.148234841 -14.4831939104
59 529.220549252 -12.3825370084
60 578.448129749 -13.1397416948
61 694.008380075 -15.5531392461
62 675.301427945 -15.5296245175
63 664.119380465 -14.6267191226
