0 541.540503327 -12.006678476
1 491.085652804 -12.2622532564
2 429.95479036 -9.83054024813
3 495.570142881 -10.9738857594
4 524.976770108 -11.8739810701
5 466.349807363 -10.3592679492
6 507.646331426 -11.2014276725
7 570.729081747 -11.1480539657
8 521.164448372 -11.1241234794
9 501.42862084 -11.3369227645
10 459.634604756 -10.4585446595
11 493.793754173 -10.9057073442
12 574.8779928 -13.1139950961
13 451.465199157 -10.5893613852
14 565.028625912 -12.694208248
15 520.566670228 -11.5880223198
16 551.048502068 -12.0958185469
17 462.444554855 -10.5984007198
18 530.61992346 -11.4783762553
19 487.356668386 -11.4593745653
20 526.711611345 -11.9994446283
21 466.996893565 -10.4285440163
22 462.093018321 -10.5764950062
23 494.298772775 -11.118016133
24 482.962210001 -11.0194167878
25 511.238349354 -11.6826781183
26 445.641400172 -10.0148421765
27 454.670927591 -10.3145022704
28 506.725894962 -10.9247565882
29 522.028101431 -11.8472860235
30 543.844394492 -12.3126392261
31 491.62862994 -10.8375892488
32 456.923504445 -10.4269965531
33 504.563104538 -11.1421784855
34 445.021679736 -10.1721108918
35 507.652163677 -10.8936929506
36 491.911602452 -10.9598378921
37 558.661321497 -12.6782857919
38 567.836245193 -13.0498005874
39 480.146520275 -11.2634082872
40 523.152256337 -11.8776814523
41 547.322028478 -12.8016357636
42 501.089194927 -10.668182999
43 545.55891244 -12.168713344
44 530.090046822 -11.0763121769
45 486.58189077 -11.1194519287
46 521.25261818 -11.0874270461
47 488.844965698 -11.3427322716
48 461.173117714 -10.6414249713
49 474.200406358 -10.4215159994
50 415.266083665 -9.1739260315
51 496.503261249 -11.2473282799
52 513.556113164 -11.5112415579
53 423.654511805 -9.99907243549
54 483.236666719 -10.9474186373
55 525.808668845 -11.4186683126
56 550.826880946 -12.6940804536
57 462.311458847 -10.5711653746
58 496.878699834 -11.1770744737
59 454.064302537 -10.3518944668
60 542.961896656 -12.074791445
61 429.717996135 -10.017881889
62 556.888277198 -12.9437741498
63 493.119020958 -10.3800826047
