0 504.925752557 -10.5680520321
1 493.394720308 -11.7095330548
2 523.160942555 -10.7422973341
3 491.176068525 -9.94482574771
4 512.327475483 -10.5994495392
5 469.924164778 -10.2623124615
6 522.611436565 -10.7154624961
7 498.037152147 -10.1814475558
8 465.504385568 -9.52614015089
9 497.761867072 -10.0893157329
10 483.211779501 -9.85255828419
11 501.808092121 -10.4849555375
12 487.365392118 -10.7717156046
13 485.587447476 -10.5099795284
14 460.211277219 -9.48653702005
15 529.650595723 -11.287512938
16 427.450096569 -9.13816002599
17 458.756230198 -9.91491278717
18 502.694381602 -10.232547136
19 470.852818871 -9.56156875989
20 529.783416513 -10.0906455492
21 435.204069253 -9.16998937658
22 419.883193672 -8.64638074832
23 435.963359481 -9.08851101749
24 523.067105313 -10.9630951828
25 456.775746745 -9.60055633456
26 462.809702376 -9.48074467621
27 395.301541992 -8.20728620803
28 508.596599835 -10.4946309422
29 453.600542267 -9.40374528487
30 511.413167801 -10.6423978829
31 498.250568025 -10.2975065063
32 450.768304761 -9.42535841281
33 480.410007694 -9.93817937746
34 470.354413517 -9.7967790115
35 473.920491914 -10.2578047471
36 495.009516819 -10.1638417198
37 495.301754314 -10.1831289046
38 486.234432736 -9.80231359983
39 542.307118785 -11.4476433148
40 463.544452757 -9.61853629031
41 506.854761403 -10.3442469648
42 474.250795073 -9.96090381914
43 436.886201412 -9.41826230925
44 507.0069774 -10.1894005824
45 430.135987143 -9.09445541679
46 500.471099969 -10.2625811433
47 469.347165101 -9.46213235867
48 494.575942057 -10.1889267047
49 479.570089382 -9.8318659873
50 502.435568996 -10.610154087
51 519.295068089 -11.090978408
52 429.438265647 -8.67400648954
53 448.479714968 -9.77681533359
54 500.666993769 -10.369731569
55 428.743796152 -9.14958296091
56 481.2175015 -9.32656209909
57 560.823967766 -11.8866978051
58 492.983840332 -10.19596852
59 487.139958338 -10.1749802717
60 463.690879385 -9.70723531152
61 506.172029596 -10.5433951856
62 483.784859368 -10.255490577
63 490.614871492 -10.1522471328
