0 None None
1 462.572485646 -12.6210199942
2 508.187549126 -12.5927879047
3 442.416337614 -10.9521451197
4 422.206696172 -10.4173901614
5 463.632400053 -11.2197253091
6 479.517929006 -12.0111339278
7 467.870873895 -11.423564156
8 462.305182612 -11.2680311903
9 525.106496188 -12.6855810314
10 506.823041185 -12.2703548852
11 453.016282673 -11.2354108027
12 539.09705037 -14.0123741121
13 529.04809272 -13.2627590015
14 462.639567905 -11.436894208
15 530.363104145 -12.857591607
16 441.608905528 -10.9648483932
17 493.92086485 -12.186653568
18 500.587719134 -12.4637454616
19 562.798689641 -13.6252186778
20 467.959395871 -11.6237067269
21 505.572262673 -12.226166798
22 444.187388778 -10.999445721
23 483.012370245 -11.6388445829
24 518.559701227 -12.5294802712
25 472.078841976 -11.6925708553
26 453.199291647 -11.186205047
27 419.270757357 -10.2903057507
28 534.293311738 -12.9836590204
29 488.353945702 -11.8186897276
30 489.001286372 -11.6773731082
31 451.102822708 -11.0880072359
32 520.270109338 -12.6477931656
33 439.922943645 -10.7438585626
34 532.188179952 -12.6657956261
35 480.744463739 -11.5076943378
36 513.469975562 -12.0665629474
37 544.412187116 -13.4387963296
38 484.767709664 -11.7073154721
39 508.40314533 -12.3518178741
40 479.511361375 -11.4733277226
41 None None
42 527.853315872 -12.5802204586
43 499.699953882 -12.4337985923
44 557.684130834 -13.5616881884
45 532.701045245 -13.0677996382
46 573.976593239 -13.7526549035
47 562.264726654 -13.450021484
48 466.829128005 -11.5873389685
49 444.721976569 -10.9889521123
50 403.04694657 -9.57482198718
51 510.219834116 -12.7237641081
52 518.455824966 -12.5924817071
53 526.520834692 -12.9038555448
54 513.937342956 -12.4019723546
55 472.44992341 -11.9058367423
56 630.09080269 -15.3146902117
57 533.918800468 -12.8882339781
58 517.628605333 -12.4071098554
59 496.113727447 -12.0372026287
60 485.098046821 -11.7639256038
61 473.320456774 -11.7135661928
62 548.084485065 -13.4216079265
63 431.436461166 -10.3433579945
