0 413.366167396 -9.64875185555
1 408.307939244 -11.1683716622
2 464.274221062 -11.144256262
3 386.92536181 -9.58087748421
4 430.714775063 -10.1692011529
5 434.878380314 -10.3700276277
6 399.610815568 -9.26016858406
7 431.120922922 -9.88680422113
8 399.476062982 -9.51675858491
9 427.742807362 -10.1745568777
10 500.998716144 -11.6549405851
11 403.456101866 -9.47596401907
12 434.35659156 -11.0948130121
13 441.938312565 -9.92882327847
14 446.860535777 -10.6748713408
15 355.792321232 -8.38065772432
16 361.997351256 -8.49199643355
17 440.184788303 -10.3738947046
18 None None
19 408.785567454 -9.52775269183
20 459.860244223 -11.9025098241
21 388.295697413 -9.47850576722
22 438.351605713 -10.0510092979
23 451.393507598 -10.2768975408
24 411.864613916 -10.0286411272
25 401.971219077 -9.81965382941
26 436.82409941 -10.374433338
27 405.317079831 -9.65969854608
28 421.124092158 -9.41094313154
29 387.94609993 -9.40551841916
30 519.791468553 -11.1751576875
31 464.287473151 -10.7070532046
32 435.97675588 -10.2922688969
33 401.432583109 -9.80668974577
34 374.650210424 -8.55597878085
35 419.509910227 -10.0599901402
36 443.682836757 -10.4574638454
37 531.332660426 -12.2326328803
38 375.826281819 -9.13956932236
39 371.093970586 -8.81157385072
40 460.649626343 -11.0026408224
41 484.953305266 -10.5673784008
42 424.324785995 -10.2092181647
43 462.292872591 -10.5325452254
44 455.814366652 -10.4298496193
45 455.781935193 -10.6598616578
46 412.042224958 -9.38768905097
47 444.686116761 -10.5311336458
48 449.050947014 -10.7007543658
49 402.405049118 -9.73663417344
50 404.269467322 -9.67187278235
51 383.506509086 -9.48322303428
52 442.377165962 -10.5470961717
53 407.545012157 -9.83740405186
54 388.255981653 -9.01555987532
55 361.330060405 -8.61511642122
56 471.084266406 -10.4652321148
57 421.117649224 -10.4002550662
58 417.124600605 -9.67286411317
59 489.059059242 -11.4945535935
60 417.662884809 -9.9272528667
61 398.491801435 -9.65392238402
62 389.233652603 -9.30512902499
63 440.082729948 -10.4991988532