0 455.520485855 -10.6336618249
1 464.286675223 -12.5916174006
2 568.933305427 -13.672450274
3 459.632372281 -10.9334595217
4 529.893500637 -12.0232791332
5 548.077565016 -13.1183817962
6 555.648007118 -12.6766258923
7 441.10431269 -10.9049753163
8 396.532703895 -9.85647073356
9 406.80770399 -10.070730702
10 533.954070638 -12.1742940579
11 493.67535629 -11.890544498
12 456.672283556 -11.3081963487
13 371.860608868 -9.17837358893
14 477.837547522 -11.591013853
15 391.30356639 -10.0923368167
16 549.052441775 -12.9624494942
17 501.643143877 -12.6089353435
18 460.447066629 -11.1400137531
19 470.984824844 -11.3498397982
20 426.664923803 -10.7566093699
21 476.332829469 -11.6422638854
22 484.187036076 -11.784600981
23 520.464995386 -12.1397586006
24 480.239676381 -11.553049352
25 505.06262303 -12.13371483
26 432.391071922 -10.5620542027
27 414.204154384 -10.1394970712
28 377.533245855 -9.13154908782
29 446.931325207 -11.0966248474
30 510.291877772 -11.5038453796
31 471.787780043 -10.7373636977
32 475.205689011 -11.0949879742
33 445.483213634 -11.1181172139
34 449.26941809 -10.6858418656
35 463.554254635 -11.3182040905
36 473.499427949 -11.1176120259
37 519.539740958 -11.7719126705
38 514.65214901 -12.4697102197
39 442.641845346 -10.7529789102
40 476.184343281 -11.5790266772
41 489.825505327 -11.7527562628
42 425.801746383 -10.0592566022
43 498.587594635 -11.4943828106
44 453.909503759 -11.3037215247
45 414.714395068 -10.1054415057
46 459.211910223 -10.9233971181
47 479.172830654 -11.4287794362
48 455.039821335 -10.90363771
49 457.051965287 -11.1083274223
50 512.422798794 -12.4230726194
51 505.655693821 -12.3348761439
52 579.252873555 -12.8019756695
53 462.028503648 -11.290644472
54 494.273144725 -12.0788428676
55 478.293639298 -11.3666641516
56 452.153854378 -10.6670672297
57 388.91805718 -9.69385224179
58 442.566200297 -10.6973649123
59 473.903650324 -11.579135605
60 491.604338935 -10.6879226845
61 456.569402236 -11.0542356998
62 459.407399687 -11.8121001026
63 533.939975094 -12.6875842783
