0 534.748461707 -11.736585773
1 534.995319385 -13.1131756398
2 662.333730223 -15.1811228587
3 536.508635345 -12.6196932765
4 506.064078636 -11.6383891717
5 451.863526497 -10.3036972126
6 537.815019862 -12.1565907823
7 472.708201253 -11.150217817
8 467.497214664 -10.6293567754
9 572.364102079 -13.1063650792
10 470.336230216 -10.7400830234
11 502.882167234 -11.1966385015
12 483.63414042 -11.3933222866
13 462.607768129 -10.7412614808
14 539.643351233 -12.452106653
15 439.601591176 -10.2603048757
16 479.502274333 -10.8532760654
17 507.560375562 -11.4050455959
18 596.809132269 -13.0516857984
19 629.537765742 -13.9690629941
20 482.705881244 -11.1882334481
21 531.561187419 -11.9961020614
22 510.311298242 -11.3789958078
23 466.862625846 -10.3605644924
24 450.654865784 -10.1217093516
25 505.561026628 -10.9851794638
26 516.814585121 -11.7798005595
27 531.630500892 -12.0751797056
28 502.30928249 -11.0249374746
29 506.403130109 -11.3717766469
30 613.344570629 -13.6265937299
31 498.484739883 -11.2532931438
32 494.911228808 -11.2004782006
33 462.101374184 -10.5832172071
34 590.000252872 -12.6381288632
35 524.737313034 -11.7259149858
36 423.486295958 -9.3179647696
37 517.629842848 -11.7368012481
38 533.862441682 -11.9084905368
39 567.418364962 -12.6052368386
40 525.262957416 -11.817132756
41 489.920743565 -11.1149295015
42 592.745441904 -13.1093314617
43 508.514594875 -11.8076214932
44 521.808026367 -11.604630641
45 464.591821436 -10.4845373466
46 501.076874902 -11.0513987128
47 501.306878082 -11.4326779715
48 457.662722385 -10.3256057242
49 462.889795404 -10.4302604042
50 547.563289839 -12.2817692107
51 531.049177588 -12.1003890349
52 540.899949548 -11.9545704606
53 598.603727948 -13.5756612558
54 541.856280355 -12.2154454434
55 489.13462597 -10.8087976457
56 566.554326893 -12.6417317335
57 520.719264403 -11.9157014563
58 497.757925581 -11.2984291043
59 519.839222303 -11.5328759631
60 510.125441588 -11.5595669708
61 563.12909422 -12.6481685834
62 579.024029738 -12.4606888203
63 530.702448165 -11.9416157818
