0 421.188549775 -10.3519782964
1 467.884058315 -12.5115842011
2 432.836582577 -11.0131690758
3 464.068268218 -10.860138712
4 402.557677257 -9.77675927781
5 444.937055924 -11.0713280654
6 483.737905457 -12.0397070983
7 435.92512389 -10.7386340926
8 418.319941498 -10.3281475049
9 469.908691079 -11.6806041934
10 453.170783871 -11.0436204477
11 451.839050621 -11.201625166
12 404.636448992 -10.4936458543
13 427.93567645 -10.5250023413
14 456.335911852 -11.2319884464
15 427.022385388 -10.938933845
16 491.629290974 -11.6430294255
17 448.250768836 -11.1568636716
18 412.612446978 -10.3548252448
19 492.289697184 -12.2919809751
20 468.681122222 -12.0240131247
21 415.343177752 -10.1792569025
22 405.124894035 -10.2086300764
23 439.890958758 -11.1008601643
24 461.582559546 -11.221133404
25 416.957948541 -10.1496740611
26 455.257672121 -11.2402207763
27 413.248531521 -10.1053967403
28 529.046122382 -12.3984439107
29 430.464778196 -10.6848937592
30 441.482248334 -10.9545737928
31 449.316262562 -11.3909884983
32 474.426479118 -11.4835529924
33 407.069713668 -10.0736447819
34 431.957040307 -10.6290127318
35 427.800926209 -10.3128981852
36 473.252551577 -11.9226829541
37 453.678064533 -11.074080203
38 477.772591187 -11.2084515046
39 473.326681258 -11.4482134478
40 482.606143634 -11.5188944355
41 453.056863046 -10.9726811901
42 451.435382507 -10.9438910022
43 398.516984821 -9.54560805619
44 496.507725638 -11.6372063036
45 459.62054747 -10.6576297505
46 442.279810732 -10.8235714881
47 431.312414092 -10.4827877845
48 456.974981839 -11.3944526337
49 442.588128606 -10.8455316533
50 462.472617008 -11.1533687289
51 451.656100126 -11.2314590464
52 542.571575743 -13.518027604
53 427.868597624 -10.8276393502
54 436.163738575 -10.6262064602
55 430.810100618 -10.7708127071
56 503.951421437 -12.6854820977
57 474.498218306 -11.8285495393
58 474.327562524 -11.6260807149
59 505.202822139 -12.5730990986
60 453.365838506 -11.0897260169
61 465.785401794 -11.6590865798
62 503.050068166 -12.433251981
63 420.851305177 -10.0567759001
