0 482.066689782 -10.6347250182
1 452.942691662 -11.161295159
2 486.771014125 -10.93851259
3 489.572389105 -11.0602773676
4 399.517784818 -8.67268922758
5 517.904831302 -11.708248733
6 464.188627604 -10.5859110673
7 415.727608954 -9.41253127292
8 469.578200624 -10.6581929762
9 450.635234004 -9.9884724823
10 419.336980923 -9.4078161432
11 437.325175689 -9.75343638204
12 496.637928332 -11.553613167
13 456.155007682 -10.4262399456
14 363.973448671 -8.19597455767
15 451.334080549 -10.1069318122
16 446.554360616 -10.0142792061
17 470.744866195 -10.6045837553
18 423.359494593 -9.64031205662
19 509.955216863 -11.5086502457
20 455.409036981 -10.2880668125
21 486.391331116 -11.0476321242
22 512.634666445 -11.2297577608
23 449.742243428 -10.1014405762
24 492.792100881 -10.7497465417
25 500.737815392 -11.236964991
26 389.26450332 -8.72648725039
27 397.294224813 -9.06770452029
28 480.316636697 -10.5134824313
29 415.290712415 -9.44649693063
30 530.963993992 -11.2866202171
31 459.431169689 -10.2761971245
32 561.076565453 -12.4654233273
33 394.373041474 -9.05083244844
34 465.275735391 -10.4966443217
35 518.662730724 -11.6513121456
36 393.36468404 -8.73921582063
37 462.797170048 -10.6333535988
38 478.399888604 -10.673858192
39 503.604795489 -11.3473137381
40 526.123630983 -11.8072137255
41 536.461508234 -11.9276512349
42 478.472115241 -10.2407555175
43 477.692674822 -10.7586864196
44 594.461801703 -13.038969659
45 517.800898753 -11.8212312528
46 458.240592347 -10.031141203
47 459.344503568 -10.2456354446
48 514.697968229 -11.4257071356
49 451.607840624 -10.2480872874
50 510.078608183 -11.1817744213
51 447.303380035 -10.0386180595
52 481.960198727 -10.6013886009
53 449.096021755 -10.1365350448
54 485.3833462 -10.8284709412
55 500.240403869 -11.4342563432
56 411.349935247 -9.30860506343
57 443.971155124 -10.02743945
58 488.629486522 -10.7459698148
59 440.414354585 -10.0246682165
60 506.097535237 -11.2956726376
61 459.417626409 -10.3858795262
62 432.699600784 -9.87750646678
63 422.662276413 -9.37546507366
