0 464.840861459 -11.7933498205
1 427.928156433 -12.675265121
2 473.757907745 -12.2482589351
3 488.250685096 -13.0141695789
4 473.844434782 -12.121575954
5 443.871363289 -11.6945931833
6 438.101208044 -11.4632894668
7 448.087878926 -11.8902490404
8 445.286603299 -11.6269763584
9 460.560631457 -11.8266270237
10 438.885878027 -11.6228585327
11 498.621902041 -12.7016569495
12 486.522901196 -13.2358964723
13 479.116588293 -12.4337908842
14 480.696850518 -12.4531349044
15 452.465263793 -11.665717091
16 509.152126092 -13.2674252323
17 498.777511792 -12.9940360685
18 535.964477629 -14.0246621722
19 445.27918627 -11.3828521998
20 None None
21 505.037224742 -13.3740980218
22 500.8698929 -13.0132906934
23 458.951718305 -12.3304070389
24 504.138378449 -12.7563202416
25 469.56929709 -12.5104008003
26 525.928425942 -13.2270909828
27 478.537670481 -12.329080996
28 516.020439455 -13.207370067
29 518.522843185 -12.9839185504
30 460.036992292 -12.000669994
31 452.759359434 -11.8846706968
32 550.101781 -14.025276356
33 474.613386819 -12.1459076005
34 543.615760224 -13.4704945247
35 431.835700791 -11.4390227173
36 373.721084648 -9.6365933636
37 512.803307763 -13.3846666776
38 490.138772151 -12.8123611921
39 487.327671615 -12.7306019064
40 485.309279598 -12.6100909552
41 466.249713264 -12.4849603683
42 579.397672903 -13.9824442924
43 501.961925281 -13.0068215619
44 584.497456931 -14.9389774417
45 547.431677561 -13.5270203202
46 534.874542086 -13.7796136277
47 501.739891078 -12.2861251586
48 486.427520032 -12.8731370173
49 407.381587101 -10.5544868951
50 429.71125897 -11.2196675099
51 460.711909771 -12.10930598
52 535.903829608 -13.932319971
53 444.669268453 -11.4000662322
54 515.535648575 -12.9710566875
55 420.218457566 -10.6493099923
56 457.148037693 -12.1091874323
57 503.068318424 -13.081994553
58 489.763281561 -12.7587120975
59 424.311343957 -10.8867459491
60 451.147461745 -11.7248574424
61 447.598109824 -11.9714708012
62 519.55667044 -12.8402725672
63 451.510726837 -11.4367882368