0 361.769258994 -9.72027720219
1 459.259938902 -13.6466262813
2 448.869133684 -11.7690791749
3 392.327285228 -10.5560823111
4 429.807967802 -11.378655299
5 419.751874455 -11.5433313535
6 382.113341226 -10.4813002472
7 407.914114501 -10.5311746305
8 351.975692996 -9.6960424872
9 461.895330034 -12.7317408873
10 448.763341031 -12.6430856529
11 391.452035224 -10.4622079594
12 404.731038639 -10.8492640014
13 370.785111174 -9.93872465007
14 383.154065502 -9.95301046389
15 404.228009025 -10.6386131861
16 393.063730855 -10.6657467016
17 408.795047706 -10.738065137
18 302.758535458 -8.50703001084
19 394.32633381 -10.9905736631
20 450.994021114 -12.7164235994
21 383.295577948 -10.6657529859
22 398.024228736 -10.7829862644
23 451.451101989 -11.975515148
24 493.0729621 -12.9658627216
25 409.215939574 -10.3693497252
26 400.162100994 -10.3563513447
27 487.687793933 -12.4373870416
28 447.876167012 -11.54191543
29 336.234293277 -9.14293024614
30 420.692660919 -10.9648673715
31 402.768155392 -10.561116115
32 388.672691189 -10.7553079606
33 369.406137816 -9.57213402281
34 409.942554683 -10.6448549504
35 412.873499518 -10.7772465406
36 401.038691158 -10.891108487
37 429.832133181 -11.4510942005
38 384.286331542 -10.3333844864
39 373.861020557 -10.233262369
40 398.359279817 -11.0156799652
41 400.511888699 -11.0164901361
42 392.373866387 -10.2368776226
43 366.023313529 -10.024860336
44 422.868485233 -11.6896306876
45 418.739688197 -10.9088635232
46 403.025204255 -10.3946935281
47 404.299464268 -11.1667877609
48 382.563204913 -10.144571473
49 430.169263801 -11.1792098139
50 367.967764965 -10.1636323144
51 437.361293806 -11.7785903923
52 445.271703868 -11.7149268269
53 427.205512407 -11.7894216107
54 354.335224368 -9.50214026499
55 425.966662167 -11.2850472442
56 382.440626631 -9.93965203915
57 472.286133043 -12.6808196405
58 419.788013382 -11.5568397147
59 378.00507948 -9.97347203494
60 373.50104247 -9.94226770094
61 404.478821298 -11.1888562715
62 462.708984238 -11.836820686
63 438.559797324 -11.3000893293
