0 573.518710553 -14.4818322505
1 544.147674482 -15.4089473613
2 558.569104619 -14.5189684728
3 477.17133831 -12.3714984046
4 520.731183306 -13.2328227965
5 490.874090181 -12.7339750309
6 497.587941977 -12.8819190131
7 600.616195374 -15.6005488144
8 521.085393117 -13.252588073
9 501.012954927 -12.8168711286
10 556.677601071 -13.9751773816
11 569.131430566 -14.4545060857
12 537.993049269 -14.4260417626
13 457.221971122 -11.8673874638
14 493.168958997 -12.7973124329
15 585.137552349 -15.0093622977
16 535.038790361 -13.5293346217
17 560.510977635 -14.5785017201
18 592.681271818 -14.3855508383
19 599.549633858 -15.128670714
20 554.618540492 -14.4079567062
21 588.894828804 -14.7119770505
22 530.651844805 -13.3998045597
23 636.125445511 -16.0910278128
24 561.523757889 -14.2345910463
25 491.600352695 -12.7493991658
26 576.610889549 -14.4919965359
27 504.258521139 -12.8386725271
28 508.663025478 -13.0444675673
29 559.744365572 -14.0110649979
30 460.127981681 -11.8055316564
31 515.566531279 -13.3181231082
32 515.285277691 -13.0202355696
33 539.921731479 -13.6632034401
34 440.851695611 -11.0410572023
35 503.374317489 -13.0853702684
36 568.653888232 -14.6138166665
37 471.291026913 -12.1593757397
38 523.065854465 -12.9937892157
39 536.584184574 -13.841218466
40 553.565806659 -14.061589294
41 571.226448127 -14.5963456017
42 522.309873312 -13.2788509109
43 463.460395092 -12.1967100403
44 562.871449729 -14.3909853011
45 493.408498596 -12.6367469936
46 507.205399799 -12.9790876803
47 490.155868622 -12.7853846477
48 528.962940782 -13.4544434174
49 565.663105723 -14.2182842808
50 525.763364014 -13.436879635
51 605.179696262 -15.1510602247
52 584.331168987 -14.6084380005
53 562.349666958 -14.3500361077
54 622.87398907 -15.6712412829
55 554.399864225 -14.1781129858
56 565.163036942 -14.2100115679
57 520.989024318 -13.4197890986
58 505.141775903 -12.6916364134
59 540.191058064 -13.7460754032
60 609.475470899 -15.4329626385
61 498.930150455 -12.9707436135
62 499.628212708 -12.8606651811
63 529.50658322 -13.1971387998
