0 451.193994002 -10.3431496197
1 430.763547237 -11.4311378773
2 462.831166117 -10.6293020508
3 405.910896356 -9.85258445578
4 441.357755509 -10.5017400032
5 408.308246326 -9.4393711681
6 432.422663037 -10.2971617117
7 465.557941366 -11.053618919
8 478.44430216 -11.3060361075
9 466.582779417 -11.1979357107
10 381.440915372 -8.78560432292
11 396.317455335 -9.43610366919
12 409.936480876 -10.3570452647
13 439.722094288 -9.74659975097
14 452.579619284 -10.7749197443
15 469.790223299 -11.2810607653
16 424.761586158 -10.1799600362
17 546.746774227 -12.5977497362
18 429.884365206 -9.8670333742
19 435.208096374 -9.77823863038
20 364.719944112 -8.95538134792
21 409.02901767 -10.3061939633
22 496.470473413 -11.889726713
23 460.550863133 -11.3626031249
24 454.176493303 -11.0348823914
25 486.936891517 -10.815973115
26 442.612754307 -10.0514272662
27 494.00065374 -11.6724883484
28 384.767152817 -9.04346564246
29 491.178834764 -11.6559677453
30 487.057746966 -11.2782615001
31 458.320818187 -10.7431664556
32 409.357962927 -9.92307634442
33 502.862183317 -12.017190054
34 428.119510789 -9.45562370389
35 454.114286873 -10.4338118963
36 480.008198155 -10.922067634
37 416.858422606 -9.8957473279
38 520.036722666 -12.0648412187
39 472.748245217 -11.1520122919
40 442.886206251 -10.4321762142
41 436.517351148 -9.87312880813
42 451.772030067 -10.8995323086
43 422.51379783 -9.91522761309
44 0 0
45 441.787287682 -10.6760312791
46 409.001683647 -9.70181519454
47 441.871672637 -10.6474164797
48 414.079637787 -9.70573010092
49 443.375894678 -9.90018688631
50 431.653624766 -10.3995538056
51 425.344585093 -10.0002723701
52 451.677217836 -10.5980492735
53 413.637461964 -9.53300458612
54 523.354766849 -12.2625011595
55 446.852398211 -10.5559036852
56 426.976435491 -10.063947131
57 475.55653409 -11.2775115038
58 478.578427454 -11.251079949
59 431.538696581 -9.60886804724
60 471.559146007 -11.3879955892
61 457.223990314 -10.8728910319
62 419.113100445 -9.76008590166
63 436.473385254 -10.2446456088
