0 485.511882596 -10.610606586
1 428.396226257 -10.2884048373
2 441.935271045 -9.90231304093
3 426.888518387 -9.33695549408
4 451.423099872 -9.42391452174
5 418.453698081 -9.20678041481
6 432.818651437 -9.50131158027
7 487.117387532 -10.3200703781
8 471.450753019 -10.2087225533
9 474.407391774 -10.3315846399
10 410.682758015 -9.03270273982
11 514.939653031 -11.1006294313
12 467.40051663 -10.3469579105
13 448.277410924 -9.8714852937
14 504.953060377 -10.0188718948
15 402.664490208 -9.06987944075
16 467.277410419 -9.96642368119
17 470.458076685 -10.2446818807
18 500.867908587 -10.7552818867
19 439.370479815 -9.60711128782
20 453.692541201 -9.99653960255
21 484.339206971 -10.5558239332
22 493.055607106 -10.7967198733
23 490.148957382 -10.425758849
24 0 0
25 435.796601034 -9.22903223887
26 538.718436347 -11.1149300905
27 486.971831183 -10.1089591236
28 482.090522628 -10.5110837666
29 536.448503864 -11.5825672356
30 495.917799475 -10.3432368493
31 477.810505645 -10.0272679554
32 430.176384103 -9.25895549674
33 450.288394869 -9.97222924981
34 459.205279695 -10.0840862273
35 403.897931661 -8.90850754424
36 478.611382006 -10.0944628833
37 474.259743163 -10.0386514597
38 477.449658146 -10.0884621859
39 447.505868118 -9.65709549683
40 514.261502547 -11.2538667658
41 452.089765243 -9.68989345484
42 462.355029334 -9.65042387476
43 559.481206946 -12.395270728
44 488.495038805 -10.2432281083
45 488.247245691 -10.6398053114
46 492.954566127 -10.1657614553
47 483.88361344 -10.2470931326
48 408.90482134 -8.89521810873
49 460.323720472 -9.77492435065
50 456.911222134 -9.84891374506
51 456.505336146 -9.74681562019
52 426.925687639 -9.31670146921
53 479.924828924 -10.5041491579
54 511.780978154 -10.951759611
55 504.133214232 -11.0377283663
56 497.792965004 -10.4723189721
57 497.413545362 -10.2141570889
58 430.12803032 -9.2553690399
59 445.541037502 -9.54923768065
60 398.751543867 -8.54398919162
61 476.078872567 -10.2457547932
62 551.327993301 -11.3669203106
63 455.635930077 -9.64892393119
