0 498.956152602 -12.2243134841
1 505.461441097 -13.8396866222
2 588.993453091 -14.9571991233
3 493.241245193 -12.7529053024
4 515.297064567 -13.3633328138
5 509.513768944 -13.2894506568
6 518.437105767 -13.4334109278
7 483.059925565 -12.2552971327
8 458.007442604 -11.7953440575
9 527.449429445 -13.7664541423
10 459.859976335 -11.9000812162
11 444.21552817 -11.2345096396
12 535.915961279 -13.8505119597
13 537.147030795 -13.9629030305
14 536.542516848 -13.8432300378
15 560.226567519 -14.1441175709
16 481.968696676 -12.3030510847
17 495.887555888 -12.6468455729
18 552.549832491 -14.1213582241
19 573.625948649 -14.5068919262
20 533.875096401 -13.9124376955
21 522.92190714 -13.2227815397
22 0 0
23 453.545014164 -11.5011847855
24 533.744372044 -13.5788996496
25 573.914198924 -14.5161409304
26 479.015789469 -11.7957818357
27 400.689942188 -10.3159668461
28 514.313093733 -12.8986612197
29 561.243611951 -14.0857306522
30 568.7321803 -14.4257080056
31 508.057440492 -12.7459289937
32 441.951997155 -11.176374142
33 505.183599099 -12.8067279092
34 508.423640656 -12.5352111467
35 523.468099553 -12.9815246019
36 606.589393295 -14.9921976676
37 555.71686266 -14.1472992896
38 521.116329966 -13.0872662044
39 493.239654475 -12.7856486278
40 562.145888972 -14.073488558
41 515.572936967 -13.09317466
42 529.774166831 -13.7540528848
43 435.443490054 -11.4255066744
44 509.353152072 -12.9833433725
45 505.051805318 -12.9908211768
46 450.902816807 -11.6773463686
47 575.539920681 -14.4687402647
48 488.89014176 -12.2889135718
49 518.146431479 -13.6118631248
50 544.458560824 -14.0385882976
51 599.649871304 -15.2374058431
52 558.592923515 -14.0108899327
53 481.684100657 -12.292701535
54 441.788058332 -11.2887844282
55 508.687101433 -12.9441943926
56 482.202945555 -11.9618581814
57 467.318370753 -11.9236128218
58 510.156331155 -13.2366337085
59 498.13964756 -12.66136689
60 533.953260263 -13.1916382475
61 518.675374586 -12.9798332062
62 486.279937001 -12.2026090895
63 528.35744694 -13.1179429276
