0 509.268872067 -13.0541801456
1 593.972313615 -16.6462737555
2 555.78579022 -14.3656434681
3 534.875729392 -13.9475497674
4 584.036695512 -15.028859251
5 526.191559842 -13.643707765
6 None None
7 605.294510328 -15.7219838293
8 582.567978437 -14.4960585771
9 573.852963515 -14.9090005324
10 510.835304485 -13.4397648158
11 559.51126193 -15.0655881983
12 556.943106481 -15.470756063
13 515.661119166 -13.3140641773
14 576.516659267 -15.0427225587
15 634.265141123 -16.4203912904
16 621.044493363 -15.2840006794
17 523.311151614 -13.7892361452
18 517.516901631 -13.7495593969
19 589.501230979 -14.9511439616
20 532.727032078 -14.2692155436
21 514.809076787 -13.4740886906
22 562.580436663 -14.2774511521
23 573.323443904 -15.4737051133
24 555.543380649 -14.218520531
25 601.200638917 -15.6098733641
26 571.483161347 -14.7628772467
27 554.755335912 -14.6795870113
28 613.465200329 -14.8283088122
29 637.606877246 -15.3544215944
30 554.276707556 -14.0269352064
31 655.723692619 -16.4111786232
32 554.016900208 -14.0816980666
33 583.629506176 -14.8041650958
34 543.776605518 -13.6104147539
35 584.550397975 -15.389746606
36 576.565328846 -15.2607982771
37 602.996675398 -15.4895342888
38 612.225715496 -15.6562388031
39 588.800905546 -15.4928303739
40 444.130383226 -11.7710593006
41 595.863853253 -15.2116943602
42 613.873507896 -15.631939487
43 643.973985555 -17.0624254934
44 560.383712118 -13.834790574
45 500.965815287 -12.8848224453
46 672.394755743 -16.7758764564
47 530.89705124 -13.5575419889
48 542.264486086 -14.425945089
49 538.495166177 -14.2167048178
50 625.736417918 -15.8184141082
51 659.62246381 -17.5113282078
52 565.548023093 -14.1522907391
53 647.356012894 -15.9378298306
54 640.174177447 -16.2964559271
55 598.870965678 -15.7997415733
56 582.982502222 -14.8198445306
57 572.425273849 -14.9962493281
58 610.920960945 -15.8552036768
59 539.133274461 -13.8700994446
60 688.9756686 -16.5784044011
61 588.574905812 -15.4173094
62 599.509675034 -15.4871431277
63 684.820024202 -17.3493043131
