0 500.789471397 -10.6972981064
1 545.624631348 -12.921262552
2 492.356471387 -10.5328552228
3 565.631637349 -11.9721656033
4 512.238142628 -10.85803703
5 553.296564013 -11.7840399437
6 595.311849686 -12.5910276118
7 553.16527316 -11.6231529425
8 551.148550677 -11.757121463
9 573.333310312 -12.2153331899
10 590.793392488 -12.3375618386
11 514.26409831 -10.8427155017
12 528.879822282 -11.7793233858
13 500.845539755 -10.9611451858
14 571.004534952 -12.3892983916
15 499.572351572 -10.659980731
16 519.076336481 -10.7436698528
17 504.876038328 -10.9614128193
18 491.267980895 -10.3686739989
19 531.747996703 -11.1726394803
20 595.651843692 -12.7162956582
21 584.272739488 -12.7905603161
22 563.53432377 -11.8360337632
23 521.631603916 -10.9521221149
24 511.174842019 -10.6285871293
25 514.714776931 -10.8470837374
26 553.011261263 -11.7157123567
27 555.828066747 -12.2705142677
28 571.267683376 -12.2087994212
29 554.300781193 -12.0092250947
30 510.854194403 -10.9398736245
31 553.135943143 -11.9081659379
32 570.701962726 -12.0186073309
33 508.116516141 -10.9512121531
34 611.083610421 -12.6956027365
35 587.667999643 -12.6266883017
36 570.734166416 -11.7928133892
37 522.880530196 -10.9511906712
38 524.881980557 -11.230076338
39 655.173129062 -13.8303261712
40 570.015094372 -12.0861264834
41 560.475741646 -11.7545702297
42 479.504904472 -10.1466167202
43 555.285469519 -12.1641217447
44 528.116377438 -11.0691198895
45 505.753305662 -10.6171875216
46 606.405713895 -12.6949085004
47 520.17049393 -11.2986534555
48 558.050442004 -11.4474429973
49 570.273734772 -12.0794147644
50 567.821036572 -12.0023834922
51 604.824504034 -12.7764107298
52 513.934929454 -10.9686510969
53 587.581300528 -12.4360901013
54 589.388075847 -12.4066527425
55 521.333946701 -10.8440333424
56 622.965213166 -12.9666912116
57 604.862124215 -12.8693101135
58 539.920206893 -11.1785265045
59 545.836683668 -11.5681994261
60 484.880484588 -10.2252563001
61 571.527927757 -12.3801695956
62 528.315353371 -11.1673701674
63 618.54372348 -12.9925620048
