0 545.997066096 -10.6147279072
1 526.211169351 -11.7170504502
2 580.351899351 -11.6062163376
3 544.412377277 -11.042095105
4 556.244031582 -10.633545443
5 556.268678257 -10.9560682097
6 530.88892553 -10.3052071816
7 558.532758103 -11.0038186379
8 546.398270949 -10.6455693999
9 464.636188125 -9.25676493265
10 669.894393173 -12.3196911749
11 485.296593567 -10.0108998512
12 579.052628018 -12.2180067399
13 537.814776055 -11.2171905224
14 537.655162559 -10.7698638365
15 461.190533257 -9.47294555562
16 555.854550509 -10.6424875973
17 572.601298282 -11.3322456692
18 537.581183647 -10.5414838837
19 453.097062213 -9.37725070047
20 548.34176291 -10.2846044528
21 658.24318908 -12.7494810574
22 511.386548656 -10.0736762
23 496.549041009 -10.1432832847
24 537.945520778 -10.8746601571
25 498.56257582 -10.2783159745
26 449.554432663 -8.91307058354
27 608.729966219 -12.4923391594
28 524.212294182 -10.3451233067
29 514.528831954 -10.3042318653
30 596.168119818 -11.7533789915
31 548.195496808 -10.8083085866
32 519.991291066 -10.1510756578
33 466.592806451 -9.69659881514
34 578.114716215 -11.1441019593
35 468.1538898 -9.33537059403
36 537.863328425 -10.614757698
37 545.1563515 -10.8232255411
38 0 0
39 569.778944193 -10.9412184977
40 531.812220148 -10.5441811177
41 502.507777126 -9.94439799248
42 524.845233474 -9.81090833017
43 562.382560369 -11.4926855934
44 555.083165792 -10.4723738892
45 509.378881152 -9.95254879768
46 552.39395806 -10.7557562236
47 531.518051617 -10.6601937422
48 528.273264806 -10.5639041623
49 469.08465481 -9.68388140814
50 590.371790686 -11.5517049601
51 552.768281004 -10.6454643387
52 550.443693168 -11.0517067568
53 475.263769058 -9.65083026631
54 444.389044258 -9.06307067961
55 537.850206269 -10.3590707166
56 483.092206405 -9.41948024605
57 515.277905557 -10.1889866022
58 455.802051587 -9.21340751707
59 535.415641774 -10.7185328515
60 528.154152629 -10.3920123477
61 557.358575936 -11.0223215814
62 640.78470681 -12.9893776829
63 533.583772345 -9.68969404603
