0 466.88105517050525 -10.717105023554986
1 445.605707985629 -11.32268686665555
2 468.61272941009526 -10.68776365955382
3 421.5102671265446 -9.915314119501852
4 548.9538135080036 -12.036452588723888
5 495.8242289076813 -11.529712774016566
6 536.784187377163 -12.151368363337799
7 535.9865766492733 -12.600225127200734
8 538.7001404248916 -12.381481197847958
9 505.21739386062626 -11.682674322921079
10 535.8908991437263 -12.349116136779692
11 445.9755906295206 -10.349889634765017
12 444.18684686193376 -10.818963786225117
13 388.1822021814332 -9.50602647553074
14 499.45071280985474 -11.444403255043232
15 465.117806537566 -10.98112786034699
16 540.3321692154437 -12.22169243193434
17 516.6548592784918 -12.441187154089413
18 446.73752420953605 -10.562154666305654
19 463.15027136352893 -11.012175983898919
20 469.47178509257867 -10.876002399740806
21 567.2093743270924 -13.17907167043466
22 500.8349092721832 -11.71712076926708
23 540.7412860637827 -12.4750422643543
24 487.8086736363932 -11.025375763439897
25 517.9224941550146 -11.79292016734367
26 499.77048439576123 -11.01929870665464
27 495.6890203491429 -11.674002300807059
28 526.8354253154969 -12.063227948970516
29 526.9095066791705 -12.042154132731579
30 458.05550599585524 -10.594909957149532
31 475.80344821217136 -10.737231851157368
32 503.6287501834895 -11.055094360984546
33 453.84249863727854 -10.40520906466091
34 505.41330709617426 -11.527558797211892
35 526.4640912526376 -12.404547871467823
36 514.2088225110051 -11.208826299311266
37 480.863680507095 -11.07269491702772
38 464.56647312211504 -10.687245042440178
39 453.7780807278643 -10.3042995295922
40 446.0799920743307 -10.108524723696576
41 477.60786629156576 -10.972766337122168
42 469.749895487681 -10.481678852362158
43 470.95293020943427 -11.11896665018202
44 495.5582658721463 -11.49613272514716
45 486.8074416466773 -11.32098898612993
46 480.62402882857054 -10.991697069163987
47 445.4570417324271 -10.6741288907164
48 471.10924755966283 -10.827123287509348
49 429.5994919139506 -10.00855883974339
50 464.1804110588011 -10.983059700600048
51 514.8059774579306 -11.836407575468394
52 475.90265863997354 -11.073508868968457
53 480.7659400488733 -11.07910530177338
54 443.25273538699724 -10.0340939530867
55 491.21449739263295 -11.0882720996282
56 498.2101216915214 -11.456599495100525
57 467.2055977527695 -10.954891123841197
58 460.0742907739171 -10.519959225842209
59 410.067741506534 -9.761538047711
60 460.7939084946706 -10.530094685142265
61 449.07475744723115 -10.488031498163702
62 604.3299629696447 -13.582472612254287
63 479.64547953279265 -10.721643071533073
