0 391.525961793 -7.97380296575
1 353.07327852 -8.33310955032
2 389.294507221 -7.923610692
3 437.808209073 -9.30887373182
4 351.369257137 -7.53971772869
5 391.331373162 -8.40106581929
6 367.058563382 -7.82422327881
7 376.258371587 -8.02244709363
8 399.55916567 -8.77234157921
9 370.299913786 -7.96794786173
10 349.997336 -7.61405170471
11 351.665162719 -7.4824513535
12 374.028145602 -8.11600236911
13 341.099919611 -7.56268911011
14 353.135269138 -7.70332520686
15 455.320686589 -9.72645724871
16 354.871657924 -7.36802866462
17 390.356684431 -8.00048047821
18 357.335511068 -7.69039991387
19 395.929131614 -8.52819499748
20 423.485385191 -8.78682879504
21 420.483867182 -8.87650331773
22 389.088612092 -8.13675934671
23 377.459980338 -8.09969959031
24 370.159482215 -7.78044785246
25 394.029351206 -8.4438744374
26 354.187746044 -7.28259885716
27 336.207897968 -7.07829232235
28 325.568070393 -6.62160233705
29 379.779795708 -8.38322634738
30 339.993282354 -7.10913441284
31 393.078241304 -8.48548446218
32 434.824493364 -9.01042010954
33 403.082438156 -8.79780981966
34 364.008850893 -7.98053420746
35 425.78940616 -8.66198324396
36 370.943343491 -7.57735793816
37 397.283450737 -8.3930417644
38 388.97525717 -8.38627063466
39 376.373234153 -8.01164817579
40 418.486811413 -8.63467431605
41 350.593357441 -7.6625709355
42 433.921401164 -9.13172479481
43 363.542051605 -7.61922272753
44 428.721156659 -8.87800152932
45 368.715161896 -7.80112691034
46 384.980779365 -8.13798444183
47 408.085475314 -8.53385911256
48 321.333402702 -6.75151341256
49 382.078146238 -8.27591026435
50 357.540803819 -7.49416579669
51 359.785643887 -7.71760831848
52 419.327021511 -8.7380707124
53 372.183468864 -7.79938399505
54 412.909609675 -8.56315448867
55 344.231889651 -7.41438978527
56 417.890100012 -8.69189106167
57 352.602439771 -7.40543021904
58 344.379146784 -7.47525995922
59 363.81736167 -7.78069011928
60 417.555019981 -8.92708246494
61 374.069449888 -8.15982867788
62 425.130851857 -8.63082675239
63 377.30626448 -7.99571689725
