0 593.675193737 -12.4934426322
1 551.353785258 -12.3772029536
2 591.870712645 -12.3690986545
3 634.331903457 -12.7613653292
4 691.626294535 -14.3920989041
5 533.951525961 -11.5777466401
6 642.309767653 -13.1016329995
7 660.909782742 -13.5298970725
8 611.995770945 -12.2541762118
9 667.67916784 -13.2369646806
10 680.334189756 -13.6322885049
11 612.098672254 -12.6488476611
12 592.867161103 -12.5342221689
13 611.059325094 -12.6063494083
14 581.454800542 -11.4547939527
15 604.466022254 -12.7941563472
16 488.382970465 -10.0870964733
17 601.442681535 -11.9431861376
18 536.14321665 -10.9195241115
19 617.254563901 -12.3124181324
20 576.687630484 -12.0416467924
21 597.064701129 -12.6368767727
22 632.356790152 -12.8876879703
23 613.897664386 -12.2758607514
24 660.067031462 -13.2873715719
25 630.779266078 -12.063138017
26 670.96878737 -13.6271254285
27 562.947448723 -11.8380016272
28 654.750195543 -12.6491586697
29 574.974401194 -11.3366089601
30 578.638201217 -12.0031028311
31 654.062481702 -13.3538604364
32 607.432525251 -12.3016875694
33 615.793471311 -12.4757012607
34 492.062602672 -10.1763810484
35 643.078988597 -13.2182596442
36 549.58448522 -11.5066519433
37 588.420421931 -12.478570848
38 527.194500726 -11.0029582443
39 611.504458938 -12.5232151389
40 599.530180952 -11.9288894465
41 642.142414847 -12.7331440207
42 485.835547967 -10.7104332673
43 576.316162198 -12.3316281242
44 567.329744801 -11.0046728329
45 473.468672449 -10.5459143822
46 631.679411171 -12.7395264437
47 657.217453988 -14.1171690341
48 637.267397723 -13.163592361
49 633.148927427 -13.4926785885
50 582.112095535 -12.3195185525
51 672.54285564 -13.4438213497
52 738.932612968 -14.5280660423
53 602.135295262 -12.6161246759
54 606.922372751 -12.3491874237
55 647.122204565 -13.5235632574
56 670.570960668 -13.9420526388
57 593.791379932 -12.2233971993
58 542.926342578 -11.1202115791
59 547.276133915 -11.2464670529
60 528.175579183 -10.8699795624
61 639.318309286 -12.8350294849
62 536.438360637 -11.2958493567
63 608.219350662 -12.6417030249
