0 471.291026498 -10.3857493398
1 476.580743325 -11.7787925626
2 497.183164505 -10.8295314216
3 561.980099532 -11.570723904
4 444.80676436 -9.7865331933
5 497.139932082 -10.5014738088
6 524.020668486 -11.1520075552
7 415.6923668 -9.3556259095
8 473.426002697 -10.607515054
9 473.752034655 -9.94500754282
10 490.946583578 -10.3022695532
11 584.651282914 -12.2795679368
12 465.197607507 -10.4082677916
13 518.968397998 -11.3697869748
14 486.040034569 -10.3305884691
15 433.463307074 -9.35605686562
16 497.41862683 -10.8312643004
17 489.631934184 -10.8506955483
18 416.628267012 -9.1544570775
19 517.129568904 -11.0258596742
20 507.656560963 -10.5082702276
21 495.659936111 -10.9440479542
22 484.055081763 -10.4741218151
23 432.916549248 -9.63283522872
24 563.131690833 -11.059149377
25 474.167228295 -10.1416633504
26 437.831114348 -9.19661361899
27 500.925286062 -11.152187892
28 442.842184415 -9.51433648316
29 441.194476957 -9.89365309427
30 547.251915835 -11.0823661524
31 457.858245438 -9.9345137989
32 468.228290434 -10.0320647021
33 494.633977967 -10.5592410058
34 553.577896636 -11.7097388793
35 490.031510923 -10.6739685565
36 529.026827788 -11.1588183221
37 496.925080781 -11.3864819006
38 466.706093061 -10.0465506243
39 443.774345776 -9.94444540499
40 489.834693882 -10.2018054482
41 539.987045651 -11.8458557864
42 403.346022761 -8.75642656772
43 381.723780308 -8.54666331892
44 514.512029756 -10.9438997706
45 482.36476618 -10.4010479702
46 461.616891718 -9.57544054502
47 465.907692458 -10.2897725766
48 484.716988451 -10.220231155
49 465.395293333 -9.07926027037
50 542.943178753 -10.8500326178
51 475.965183268 -10.2881610254
52 456.863335157 -9.83141849994
53 519.158432271 -10.696014462
54 482.087419626 -10.3910928865
55 466.112251883 -10.0608419987
56 536.967111688 -10.9802499126
57 525.235373868 -10.7536108075
58 516.301645822 -10.295741918
59 467.109132816 -10.197790013
60 451.377183871 -10.0156318368
61 475.029628579 -10.5117031601
62 488.478997176 -10.5661066402
63 514.382412288 -10.9658563493
