0 576.342054531 -13.7323067382
1 647.608049823 -17.0807513538
2 622.323128947 -15.0463115258
3 539.510091892 -13.2149817798
4 555.003012113 -13.7401254824
5 611.342129915 -14.7075685133
6 637.958003005 -15.1739745278
7 604.796993452 -14.7324214753
8 559.020770871 -13.3691858267
9 545.99804702 -13.17181031
10 662.091015507 -15.1269647421
11 652.638978805 -15.4330441069
12 607.819544571 -14.76024708
13 543.775272772 -13.2747821374
14 607.945240478 -14.6799982561
15 580.494477755 -13.6645528452
16 613.286931647 -14.653026895
17 610.568302904 -14.822405353
18 644.316836206 -15.678084846
19 625.736437354 -14.5296663923
20 646.223959877 -14.0577633823
21 678.793328992 -15.7310075608
22 654.186186799 -15.2581509813
23 580.650452314 -13.8054105543
24 687.124031006 -16.5400692264
25 652.434924803 -14.759289859
26 548.532617375 -12.9734963955
27 616.037270609 -15.2688365938
28 601.07410765 -14.3792991271
29 665.005328793 -15.7435320378
30 646.448677432 -15.3125148358
31 644.236988964 -15.5428678215
32 627.410947078 -14.6928343199
33 634.88271337 -14.8478647019
34 742.96004371 -17.4373599618
35 637.982533867 -15.2422874284
36 639.746403939 -15.4100708688
37 534.924429236 -12.9128682032
38 651.284316532 -14.9331147565
39 635.583620197 -15.2515775943
40 579.440670354 -13.8357198055
41 625.466521645 -14.8631397295
42 609.38233222 -14.3776211474
43 724.456343317 -17.6948722662
44 582.889109234 -13.8851504631
45 549.734106253 -12.9451004706
46 636.345186214 -14.9255721597
47 734.069914816 -17.8118611236
48 592.851455185 -14.4063931706
49 611.088116991 -14.6180375929
50 573.03636838 -13.7593305946
51 657.583340119 -15.9253056489
52 628.047843112 -14.8921353653
53 720.235363247 -17.4386827594
54 604.271756658 -13.9151355276
55 620.155407092 -14.9923711014
56 554.727116909 -13.3411442116
57 641.70523841 -15.3709999255
58 619.878074704 -14.3499431709
59 496.052890825 -11.5050877266
60 658.88022474 -16.2807525805
61 665.780088413 -16.4314696689
62 607.430972556 -14.2700216016
63 608.629635361 -14.6136050533
