0 515.135660764 -10.6274276117
1 527.036428796 -11.3354624928
2 541.788895697 -9.96887345724
3 520.695786649 -10.9602876344
4 515.589081618 -9.89260826564
5 465.955253557 -9.76031607975
6 547.203295924 -11.7306768155
7 573.792657808 -11.6513134558
8 459.860112319 -10.0158745073
9 532.234686812 -10.3297400732
10 578.292075217 -12.1375385932
11 572.277130147 -11.9610098555
12 515.267137265 -10.8871440947
13 523.108079699 -10.1047264164
14 534.340926985 -10.8708921698
15 458.46120297 -9.80649599491
16 491.024914375 -10.1781112708
17 481.514124651 -9.81597720429
18 530.823369794 -10.5692122082
19 521.888359192 -11.0754951245
20 537.186490453 -11.3487519512
21 558.701550682 -11.2909161763
22 544.102108763 -10.8039321732
23 486.068222925 -9.76923105939
24 531.175942825 -11.3854740463
25 654.557734917 -12.879692813
26 522.177742296 -11.0116735099
27 533.630205425 -11.7360796018
28 519.803015168 -10.9329098608
29 561.483113008 -12.0089827836
30 545.07657864 -11.3044338215
31 521.801847782 -10.5884183935
32 632.113874899 -13.0047748172
33 571.539851877 -11.4992224182
34 557.831023869 -10.6670929711
35 580.87699844 -12.0473579549
36 574.859116505 -11.2126070401
37 510.340162191 -10.5070239572
38 547.866540694 -9.56463979078
39 585.198580917 -11.9470872153
40 548.230178581 -10.9879092015
41 508.477472793 -9.93496041258
42 659.374854347 -13.3092165496
43 592.93751524 -12.5928112374
44 463.807295945 -9.87364396134
45 500.793022644 -10.4470776473
46 513.9022982 -11.11582301
47 519.524554343 -9.58781063466
48 501.324034693 -10.1587270642
49 490.738286452 -10.2774700511
50 590.549173832 -11.2452782521
51 581.852014532 -12.4356483297
52 606.810197071 -11.8726263849
53 569.907311449 -11.5401189304
54 558.524238897 -10.6387718313
55 635.236438031 -12.360784125
56 578.388639158 -10.9677940486
57 540.521811896 -11.309582341
58 528.381235864 -10.5565861419
59 534.091208836 -10.8748209
60 547.233868403 -10.0998305144
61 547.149579757 -11.3266513205
62 541.853642063 -11.5983924509
63 478.97859187 -10.0222737992
