0 373.430029693 -6.92493588948
1 329.63280395 -7.08148550753
2 354.859257147 -6.71929850096
3 389.035658393 -7.46148073494
4 362.871125843 -7.03794444295
5 382.916109456 -7.46667775552
6 339.605015323 -6.41767139047
7 438.65575584 -8.68729276373
8 362.185042312 -7.21356593257
9 342.09893083 -6.54934754507
10 419.258235529 -7.72296017366
11 346.203334941 -6.40933541356
12 447.390129824 -8.71576513807
13 364.347064625 -6.96600299999
14 366.824905795 -6.89070830796
15 353.195662238 -6.82297455791
16 474.766600963 -8.78488990502
17 422.06720127 -8.25607425214
18 389.152826485 -7.46843088472
19 374.319551018 -6.88097655139
20 357.760436584 -7.03362642094
21 370.871586274 -7.15970159119
22 411.558673498 -7.64022962809
23 339.346566239 -6.55920875461
24 388.408165315 -7.24574144696
25 405.25422719 -7.79761741064
26 361.642294891 -6.9143372672
27 393.613949165 -7.48798910044
28 409.104260991 -7.58699632329
29 378.088151551 -7.0976525352
30 409.407668117 -7.81177229859
31 357.001064456 -6.86191754511
32 372.820613148 -7.07215631801
33 332.774351183 -6.63527614315
34 400.678767736 -7.74670447735
35 396.814146744 -7.45763008369
36 349.104578413 -6.8689312741
37 357.788213426 -7.03032566232
38 393.069100148 -7.28876119571
39 338.846719176 -6.75848823686
40 410.471333546 -7.7331662285
41 424.183831021 -7.57760366088
42 390.446025512 -7.51412316709
43 381.504119541 -7.22185748697
44 344.992388785 -6.77800279198
45 357.242656948 -6.8906100053
46 368.957903607 -6.81119816863
47 358.520447955 -6.92624551383
48 360.89801601 -6.88361264675
49 427.566868887 -8.15047170017
50 404.314604026 -7.5297105278
51 431.632237445 -7.97111300006
52 357.815251798 -6.87452207081
53 389.864233051 -7.23081779501
54 373.866527597 -7.16859260796
55 404.778718854 -7.58257725657
56 403.752045211 -7.84724171456
57 380.613120584 -7.24977224015
58 366.133323905 -6.90465342332
59 324.815660088 -6.23486177283
60 356.749948422 -6.83874345637
61 374.865191973 -7.42670377792
62 407.628548881 -7.70183130706
63 411.416013363 -7.75037048417
