0 410.788112548 -8.60797749376
1 483.266850646 -10.9180400105
2 441.147385298 -9.26096923892
3 488.689403494 -10.295471792
4 464.631584625 -9.86111236363
5 476.209100883 -10.015776962
6 526.254341439 -10.9827283748
7 387.00347034 -8.38120555008
8 423.864944524 -8.87846147672
9 462.912178997 -9.83943546908
10 474.003063376 -9.90086938095
11 451.953372471 -9.55890799796
12 455.753711451 -10.1253798618
13 412.871231144 -8.68436600094
14 440.88563032 -9.16178893592
15 390.894913944 -8.45416599941
16 412.972586602 -8.72160350083
17 433.276111979 -9.25554803862
18 460.029311822 -9.46248890693
19 466.431265141 -9.94887443816
20 429.698912707 -9.1302724654
21 511.208045512 -10.3910632063
22 476.246871629 -9.90769225354
23 451.096414965 -9.47267928885
24 502.559468418 -10.3043860903
25 389.364671751 -8.0882175275
26 422.02647014 -8.95447947973
27 508.438270527 -10.5066462948
28 431.736410859 -8.97529762623
29 391.312270115 -8.24661871637
30 561.990085603 -11.3411485335
31 427.832115848 -8.91298681796
32 470.236445345 -9.45281770788
33 477.534757159 -10.1347992732
34 448.176743972 -9.08233048624
35 548.63379753 -11.3997252032
36 480.40535998 -9.97045281284
37 535.193861096 -11.3608514061
38 396.536239928 -8.29924228541
39 430.918662165 -9.29795672089
40 521.613342998 -10.8321083904
41 471.630750647 -9.71273067586
42 483.010755797 -9.76723076374
43 424.280851103 -9.09814910136
44 398.955478529 -8.21375412078
45 515.031010757 -11.0017096343
46 395.824197943 -8.35628482992
47 460.485400532 -9.76754622055
48 426.925659623 -8.90236883177
49 466.325687729 -9.74797968253
50 425.256969294 -8.88090264023
51 416.750536508 -8.82616643652
52 489.371813654 -10.2099889
53 495.487869705 -10.6297879844
54 484.131457768 -10.012851476
55 419.125517965 -8.86027290573
56 505.684459396 -10.5335737459
57 451.52220459 -9.69840856484
58 372.284330452 -7.71412808505
59 403.284765518 -8.59787496575
60 435.446277666 -8.9159919659
61 474.095799272 -9.8706462345
62 436.210125571 -9.00380427588
63 478.314287361 -9.9482407801
