0 570.761430279 -12.6207977617
1 518.764916898 -13.177823526
2 514.101383886 -11.8724625456
3 471.075381126 -10.6622166297
4 450.041302008 -10.1180675577
5 590.157034081 -12.8069674235
6 453.187168519 -10.6700068514
7 542.260808208 -12.4223329584
8 529.325572973 -12.4615508424
9 514.104931986 -11.614315004
10 542.008657578 -12.4769845499
11 553.511085563 -12.2901244494
12 582.214155916 -14.1504291448
13 501.953677572 -11.6049766628
14 421.778678047 -9.52145894257
15 533.728728342 -12.2419057468
16 627.612366756 -13.4063302038
17 499.387711702 -11.4852799846
18 493.783944225 -11.1984862428
19 523.007686574 -12.0926910217
20 502.789657894 -11.6310777229
21 479.190422692 -10.821766524
22 535.216763537 -12.5583027531
23 519.22545854 -12.3431157308
24 546.582000298 -12.6334092283
25 498.83544114 -11.386767418
26 527.355422528 -11.8992724153
27 555.394540957 -12.8002746302
28 499.907452554 -11.7390590786
29 579.713761644 -12.7289415307
30 449.923011855 -10.0546467573
31 525.07788261 -11.4933986626
32 560.104243695 -12.8933735527
33 530.668771691 -11.9299020878
34 562.014331938 -13.1972555472
35 501.291222504 -10.9185487063
36 520.548160221 -11.6565034884
37 539.202079915 -11.8916463737
38 481.417927673 -10.9602075348
39 514.797568479 -11.9058830238
40 510.310527558 -10.9217089213
41 530.618700482 -12.2801451879
42 498.264472319 -11.4383754201
43 523.276491038 -11.8961310869
44 551.452709966 -12.4376056844
45 552.143259856 -12.4279990045
46 528.607073745 -12.0097169265
47 494.09735435 -11.0381662875
48 544.475385959 -12.1094267941
49 418.142993683 -10.0170822694
50 557.898260346 -12.7166240485
51 571.588460762 -12.821131906
52 492.099273023 -11.3020810673
53 562.866052766 -13.1851601159
54 564.24771241 -12.6293764281
55 470.118107527 -10.6514595724
56 590.287938105 -13.4480053719
57 497.785857812 -11.4423568943
58 524.570553997 -12.0995584514
59 491.844055105 -11.1103316168
60 503.790072212 -11.4814793526
61 403.676575978 -9.36495946373
62 540.081207377 -12.1777592471
63 552.876968944 -12.1832139211
