0 376.926671341 -8.19068883202
1 404.232914751 -9.99581912212
2 419.205387897 -9.73152989498
3 358.287796921 -7.88731475242
4 401.574342077 -9.14947778318
5 378.570237722 -8.31385723602
6 419.795470986 -9.22956878355
7 404.552672538 -9.28501253773
8 427.770105187 -9.20399905069
9 362.985339086 -8.35318111892
10 374.45803417 -8.74387271086
11 396.241862129 -8.303732927
12 387.483414465 -8.82253276363
13 507.854472824 -10.5065636542
14 352.405273739 -7.9378156526
15 432.393119284 -9.43072394406
16 350.937065466 -7.60886132476
17 377.821877766 -8.40995463232
18 424.70308109 -9.10099394511
19 403.715610288 -8.97879562985
20 398.781651479 -8.89816616037
21 440.377683796 -9.35568323831
22 407.26351044 -8.78972598216
23 451.48801464 -9.60547309714
24 337.677616355 -7.68607027797
25 429.84265021 -9.48733692632
26 433.59684372 -9.92541637446
27 418.255628383 -9.50439967392
28 476.037933468 -10.9441278582
29 496.691781853 -9.46703679818
30 437.868567985 -9.65579579356
31 469.884422146 -10.2272966193
32 411.430779118 -8.94773974503
33 481.724520174 -10.6281154605
34 388.392504858 -8.02775524866
35 447.000066245 -9.63317687204
36 451.672761911 -10.0150801762
37 380.962356399 -8.35415369629
38 398.323301624 -8.72580789418
39 425.862498895 -9.04483519081
40 398.105954713 -8.67991147234
41 376.441964661 -8.32533993831
42 408.422085738 -9.01442507809
43 380.366614577 -8.50719331521
44 423.671707349 -9.58290617314
45 407.653871838 -9.01002067195
46 298.16374978 -6.8044555175
47 398.146737528 -8.87956951013
48 409.795748952 -8.82747073262
49 431.214349141 -9.2221064319
50 372.196641143 -7.77232667898
51 358.842179704 -8.51010494394
52 412.508703907 -8.80846830982
53 451.432562531 -10.1586647271
54 366.672568465 -7.8105044829
55 444.323836778 -9.81749905488
56 431.686603914 -9.26020888529
57 412.289937926 -9.13892081522
58 398.189374303 -8.41819289642
59 400.461144714 -8.79155761715
60 384.292071103 -8.09833055987
61 424.593628142 -9.31498632015
62 425.10557666 -8.73043722509
63 370.290389267 -8.26470668253
