0 468.658652512 -10.054919132
1 433.18801076 -10.5235828465
2 495.516233888 -10.7594980232
3 548.993136522 -11.6400283683
4 497.906334513 -10.5602754029
5 517.554268439 -11.5770829911
6 442.746765004 -9.53102485136
7 472.457289751 -10.2880769122
8 528.295908205 -10.8233563966
9 442.984662428 -9.92947538207
10 515.383668647 -11.153342225
11 519.762259031 -11.2920388252
12 526.557994965 -12.0913635204
13 465.108284041 -10.6186600074
14 424.202190797 -9.16481773396
15 411.401078039 -9.38570356199
16 416.630219186 -9.33122314555
17 559.199854205 -12.1784526509
18 504.553851733 -11.0076769014
19 473.790039563 -10.0022483739
20 480.44128223 -10.2486706137
21 471.512298404 -10.4728612087
22 421.336407049 -9.1940566116
23 424.026841476 -9.46022085734
24 448.611873878 -9.62058024159
25 458.585804929 -9.72020842441
26 463.621244921 -10.2323359184
27 490.154170192 -10.9143369876
28 414.884947116 -9.23462600717
29 499.565507193 -10.7453720516
30 474.659401659 -10.3487042142
31 465.144000164 -10.242905183
32 516.458235139 -10.9679891843
33 496.527668894 -11.2310275068
34 504.696834197 -11.1255843511
35 469.046518235 -10.5889416961
36 492.269808089 -10.6392937849
37 431.066206654 -9.66976241411
38 437.65399292 -9.44497783151
39 515.181590427 -11.2556808621
40 510.542476903 -10.9159615134
41 520.416561196 -11.569011156
42 509.854534931 -10.9735697043
43 470.478474407 -10.3515817387
44 470.13535129 -10.4657822691
45 487.382688498 -10.5230827693
46 468.156007328 -10.2043924679
47 451.452405931 -9.82586463057
48 458.437059158 -10.1498059831
49 515.829397689 -11.2235069397
50 497.847457106 -10.7555067375
51 467.340902576 -10.6397865953
52 475.691648944 -10.4003140489
53 443.452860582 -9.93513602856
54 440.0688418 -9.49291942577
55 446.022295839 -9.63392964782
56 430.946894361 -9.55063155668
57 494.761028283 -10.7056096584
58 521.190570442 -11.1104545707
59 512.404304828 -11.2140322941
60 456.468398185 -9.85919294544
61 529.455653119 -11.6585824275
62 554.121820156 -11.9722059345
63 427.104341355 -8.98507746836