0 471.845403922 -8.96938312048
1 576.193574698 -11.3674454295
2 641.966589901 -12.6986644019
3 573.542739922 -11.1337749892
4 478.152357022 -8.84104368389
5 591.469004649 -11.7169354224
6 575.914436093 -11.2218721904
7 541.774752588 -10.7900581862
8 583.822252356 -11.18427248
9 627.64449933 -12.2093007818
10 563.35093469 -10.9385110381
11 591.80503185 -10.8598905994
12 551.326654958 -10.0865653408
13 583.851749459 -11.4462570384
14 510.384670105 -9.5919747229
15 569.003804151 -10.8316955511
16 531.579872893 -10.6591609999
17 592.361621093 -10.8541576132
18 475.088114354 -9.49504751208
19 472.138307549 -9.07951645115
20 524.782581727 -10.1164850559
21 542.152199576 -11.2100567168
22 562.343826572 -11.0199615363
23 502.079256712 -9.69634614667
24 553.463384107 -10.6406871419
25 547.825405646 -10.6080902712
26 519.361930736 -9.78248159838
27 605.255788331 -11.6995190564
28 586.991489141 -10.651528039
29 483.745579058 -8.99723780361
30 475.7725261 -8.81251012615
31 547.942776135 -10.7594497236
32 468.427850279 -9.2714275228
33 544.261630512 -10.8832481632
34 536.181992928 -10.2714067962
35 613.132113093 -11.6875228917
36 530.085307441 -10.2513642031
37 533.438832796 -10.435496344
38 516.030298255 -10.295151345
39 491.210079931 -9.47852410436
40 561.167324044 -10.1898948796
41 603.829316584 -11.638610714
42 580.592669715 -11.0038762925
43 470.900531354 -9.22879107701
44 505.032563517 -9.9918162813
45 539.872302776 -10.3838511137
46 524.750877267 -9.79426789752
47 516.558101376 -10.050452861
48 549.077140481 -10.7129061261
49 499.50365768 -9.73041208634
50 501.731206799 -9.96641042343
51 554.77394144 -10.9406578968
52 585.612392625 -11.0821344632
53 563.226856995 -11.1878022684
54 528.006656224 -9.81107698153
55 535.403107858 -10.5673165672
56 491.092350825 -9.69106130265
57 577.724024174 -10.9307898009
58 500.326338247 -10.138157313
59 510.428265531 -9.89424362886
60 547.982744389 -10.9075285124
61 476.981888089 -9.60583801889
62 611.90873079 -12.0427216172
63 553.683292889 -10.8316410711
