0 425.644576264 -9.30248731741
1 376.247854391 -9.01641417931
2 376.827232872 -8.44339828702
3 400.883956666 -8.78568969091
4 402.205255769 -8.54765227057
5 396.086077616 -8.89491307102
6 419.347600839 -9.08800536417
7 375.931269688 -9.01117453826
8 425.978437537 -9.47036713265
9 338.630346835 -7.23352894049
10 447.97208465 -9.93638810836
11 413.37623791 -8.78582112162
12 449.591420483 -9.78438250932
13 414.795036069 -8.64516610332
14 378.475868686 -8.14887389286
15 426.370068804 -9.07887622266
16 400.715442723 -7.68215138143
17 317.329197846 -7.43673684393
18 401.945960405 -8.6882950976
19 377.855750118 -8.46111085297
20 440.171484929 -9.7475064329
21 428.003215085 -9.48475460522
22 395.734620424 -7.58938695697
23 411.294211984 -8.95626842933
24 390.291433803 -8.48601899878
25 364.123128743 -8.17018002468
26 392.612535468 -8.48354865465
27 382.42275538 -8.25582220385
28 437.507004092 -9.37235108688
29 406.527951319 -8.75562546466
30 391.753290861 -8.47240188825
31 425.875878526 -9.23634243426
32 378.334837413 -8.05219762035
33 400.18192031 -8.41648613423
34 391.584180297 -8.42721186843
35 365.214699052 -8.40548356132
36 385.256452003 -8.63111726571
37 353.017911263 -7.81633593359
38 381.279823814 -8.2112167294
39 383.596684946 -8.61791545884
40 387.759289234 -8.60367017973
41 397.233016268 -8.75099100276
42 405.254217735 -8.69341675735
43 383.539032286 -8.6062869509
44 342.384138016 -7.38297196577
45 393.338177423 -8.34411576736
46 428.996150223 -9.61203052125
47 416.156966096 -9.26067975519
48 350.58836298 -7.8174958778
49 404.799241374 -8.56260653838
50 396.512658989 -8.63973138624
51 440.198582299 -9.89452790378
52 434.116452839 -9.32910578449
53 370.222964179 -8.55555243191
54 465.696580092 -9.81213511847
55 402.001674968 -9.14112430159
56 388.449217378 -7.98830865254
57 432.871382298 -9.35218954347
58 415.735437711 -8.81913093022
59 377.550433214 -8.74758707868
60 406.924398852 -8.70752746466
61 363.071691047 -7.29663927755
62 396.703191556 -8.87617763548
63 344.764040957 -7.63656624464
