0 480.223035833 -11.227950529
1 468.271229633 -12.1950375272
2 500.70207999 -11.7452110727
3 476.973120899 -10.9522606705
4 447.625360579 -10.3500210573
5 524.096302555 -12.5959842084
6 521.057803672 -12.3894696664
7 503.34338447 -12.1138485556
8 533.556198641 -12.8036855565
9 507.922832408 -11.6189229877
10 476.633676322 -11.2274372294
11 518.917907173 -11.7953369636
12 552.34870915 -13.3716111086
13 470.259322901 -10.948135445
14 438.785865897 -9.85643782764
15 455.52532601 -11.0866136547
16 528.037417523 -12.0962361216
17 516.826033368 -12.2697227093
18 505.266323847 -11.8599642598
19 470.112335506 -10.4956851176
20 451.085050527 -9.90984915058
21 522.542606293 -12.2475314858
22 529.392475284 -11.9164052072
23 440.373458573 -10.0839408469
24 525.123289493 -11.8878826583
25 463.074946742 -10.7902149156
26 533.551525622 -12.4101226519
27 563.905971688 -12.9123666082
28 554.105812466 -12.5437090419
29 511.511813673 -11.3571122338
30 487.994560102 -11.7467120743
31 491.694472846 -11.4538356882
32 508.029699894 -10.1933455996
33 454.04857673 -10.7275174398
34 465.224605862 -10.5998444169
35 441.16909193 -10.5483829642
36 419.556893787 -9.74659706022
37 526.933091415 -9.63862370017
38 503.662938175 -11.4284882803
39 475.38668063 -10.6844949021
40 495.594614331 -11.6380113967
41 430.824636681 -9.87525502214
42 519.497366679 -10.7782184266
43 477.004908727 -11.5487214501
44 569.340823203 -13.0949561744
45 478.127867441 -10.6491865006
46 527.584454851 -11.90439327
47 545.168651583 -12.3815916533
48 498.999008559 -11.3857760118
49 529.20108897 -12.4578649994
50 490.563216488 -11.2640522499
51 490.809427704 -11.2922606699
52 471.453569569 -11.2133162351
53 454.596754164 -10.6130126336
54 456.688175959 -10.3094610597
55 462.108689531 -10.9597829316
56 477.144383289 -10.7996801086
57 496.721104902 -11.2095913332
58 504.995858195 -11.8276585213
59 478.24029423 -10.946015319
60 493.500795486 -10.6718120234
61 495.893140736 -11.2130856202
62 444.61937227 -10.6347725219
63 471.626257274 -10.8889061223
