0 451.137032483 -11.67865081
1 413.255116662 -11.8655197948
2 454.765368841 -11.9969221457
3 463.436475489 -12.2074409754
4 437.149562193 -11.4655027627
5 436.343307768 -11.6644408645
6 528.220902679 -14.0778757179
7 463.046900641 -12.3726057413
8 431.202653229 -11.4793988668
9 418.613675601 -10.9426514866
10 515.742164083 -13.6743642306
11 524.894362631 -13.9838957422
12 415.519295439 -11.5859900452
13 423.489417958 -11.6961202648
14 478.9113189 -12.630996823
15 512.266845712 -13.9421508018
16 436.609141172 -11.4812352577
17 390.616117596 -10.7448526452
18 434.896185547 -11.9862885881
19 453.812874112 -12.2202798751
20 506.505222095 -13.2686294307
21 467.365451985 -12.5590877534
22 435.641325937 -11.7844406768
23 385.475966266 -10.3583226811
24 446.200028777 -11.5215192806
25 399.35707918 -10.5744688861
26 448.401105055 -11.8963635239
27 492.869089328 -12.8501979397
28 477.499633084 -12.186925135
29 481.380826794 -12.7618844925
30 520.539936574 -13.7616234226
31 462.799033616 -12.5342264756
32 413.96726696 -11.07950079
33 482.605484746 -13.0267400725
34 406.094552023 -10.6728061769
35 441.016211762 -11.7675033452
36 414.153657734 -10.4544035001
37 372.74658454 -10.0116484023
38 480.460487336 -12.4770509302
39 395.465261526 -10.6073867709
40 415.647396549 -11.1788997186
41 495.364004535 -13.0247049798
42 415.926403234 -10.8075169179
43 397.511445142 -10.942953555
44 441.614708425 -12.0080481525
45 442.289418267 -11.7984611937
46 421.751891025 -11.0247863777
47 482.905299776 -12.7293919559
48 411.842313507 -10.7904566953
49 456.786954398 -12.704027743
50 424.460566312 -11.4599462113
51 440.681137815 -11.6701382344
52 436.499848594 -11.5221255029
53 413.997424081 -11.3997378061
54 403.335466658 -10.7197306782
55 482.054189532 -12.4722177434
56 415.07418811 -10.9448671239
57 487.272619262 -12.6287480921
58 427.221500181 -11.3675986327
59 431.077534974 -11.3791481225
60 468.181897213 -12.2166613894
61 515.7641458 -13.638753724
62 474.464105987 -12.2785474114
63 423.428020559 -11.0442569185
