0 565.644960827 -9.69024316371
1 634.095856785 -10.4658158504
2 606.64003594 -8.93335472745
3 567.308367617 -9.24376624815
4 702.84774866 -11.4962834838
5 602.220812451 -9.9192590508
6 602.024339655 -10.0742842226
7 623.107252993 -9.49114526876
8 613.986529731 -10.1311013283
9 583.754950417 -8.82171603614
10 489.716679081 -8.13318520356
11 607.755229253 -9.49428876814
12 504.502199865 -8.45490701657
13 551.577201455 -9.13835496359
14 617.004130861 -8.15867464688
15 550.316854133 -7.9756089745
16 569.424277976 -9.82246087836
17 583.545708693 -9.65253625702
18 604.060368922 -9.19684952524
19 574.793889003 -8.67725835404
20 602.442644063 -8.89505355152
21 558.977663726 -8.69357940019
22 627.955417667 -9.54202818348
23 565.676548984 -8.71467810388
24 565.675942192 -9.63862222419
25 616.133455929 -8.75279553219
26 612.77819405 -10.2607572945
27 518.367127778 -8.77305767937
28 678.386777364 -10.682836597
29 479.897063838 -7.67621112054
30 622.988742411 -10.2919873427
31 549.195281238 -8.52477909739
32 668.445133805 -10.5920709482
33 573.86073165 -9.65990530101
34 564.309016505 -8.65507130739
35 564.680124027 -8.12775936736
36 565.050378893 -9.24679332406
37 559.114091599 -9.0101958187
38 557.995867943 -8.94688888141
39 615.458016083 -9.97158848429
40 534.883205895 -8.79067734233
41 645.794656341 -10.6248578011
42 635.23385453 -9.36852319799
43 531.57811371 -8.78093583205
44 521.334149253 -8.73527986966
45 592.058469663 -8.80492416291
46 603.27472936 -8.89388789081
47 604.56339114 -8.32684245673
48 613.479378868 -9.35441375366
49 577.811878696 -8.03549897313
50 492.998455209 -7.50217611835
51 625.115254286 -8.84267883284
52 552.089419753 -8.85077731038
53 509.93011221 -8.70160970083
54 606.921255579 -8.25648143565
55 622.141043971 -9.56359139576
56 529.687258242 -8.74348344371
57 566.558377697 -6.89361391229
58 596.109330708 -9.05333569588
59 579.764571404 -7.84032095433
60 536.361778757 -9.01093275788
61 491.697625563 -7.66797825504
62 609.040045523 -10.203630951
63 680.347796996 -10.293087296
