0 383.165702633 -9.49119112789
1 380.563026488 -10.5483896957
2 406.328359207 -9.69200051168
3 381.941856005 -9.32170435248
4 389.754789054 -9.2470140318
5 392.847095486 -9.64930753992
6 342.01926096 -8.31919557185
7 375.671581169 -9.71147355393
8 408.892112331 -9.9408816109
9 392.974632778 -9.85844159186
10 391.864507347 -9.69953858569
11 366.943604904 -9.01326643687
12 342.911061607 -8.78243189253
13 389.155024464 -9.25996095002
14 432.601337105 -10.7398116772
15 412.529393363 -10.5122273942
16 405.52201211 -9.73996452037
17 363.536270434 -9.02523721452
18 406.799895671 -9.81427787958
19 338.409404671 -8.63716317755
20 345.845005504 -8.64614619137
21 371.2165392 -9.34109541091
22 382.027422761 -9.52736381196
23 298.393131245 -7.41325383986
24 393.401703322 -9.30950534076
25 387.86927968 -9.72273285641
26 353.749427797 -8.68401966272
27 444.573386873 -11.0508886775
28 400.160740938 -9.53546305435
29 416.518710636 -10.2252677851
30 356.920706863 -8.6101571011
31 417.032795481 -9.94060886737
32 352.428294549 -8.691162537
33 384.226917899 -9.42440079128
34 386.824305219 -9.06179013016
35 416.097455476 -10.0846313636
36 386.180612693 -8.96098962192
37 375.583621785 -9.08009269696
38 395.782496223 -9.72621962451
39 355.193634394 -8.67199893542
40 415.727180973 -10.0080065477
41 378.894067204 -9.30121137022
42 392.788283646 -9.20226797856
43 371.609453305 -9.26627084343
44 426.154438662 -10.029707855
45 459.015236722 -10.8940503118
46 327.540969698 -8.04113881648
47 391.046654366 -9.44971060111
48 386.277943436 -9.46858108183
49 403.76825851 -10.2060670594
50 347.41843671 -8.25022207844
51 392.87852509 -9.80423856967
52 389.018714188 -9.37040432802
53 364.176477451 -8.91915618305
54 404.23788901 -9.60305644836
55 410.155465572 -9.61878374607
56 399.050439723 -9.87229692737
57 335.868337793 -8.31654841034
58 371.270022086 -8.94264671261
59 372.412361345 -9.23818514161
60 396.295461347 -9.24362250205
61 379.965788309 -9.41919030963
62 432.806620769 -10.7277570067
63 365.402897139 -8.91173545878
