0 444.460238626 -9.65192929612
1 467.745592469 -11.3270994281
2 483.35362166 -10.5199247512
3 483.484481525 -10.6888147899
4 452.617224686 -9.81668685635
5 407.895269241 -9.17491564882
6 425.850332264 -9.43980785421
7 402.21920049 -8.79873808061
8 436.132861844 -9.58784617733
9 422.49100288 -9.32501115572
10 420.120538807 -9.09029827532
11 451.802018139 -10.0364512512
12 401.188612923 -9.24660160247
13 439.053653024 -9.76599163278
14 419.209206757 -9.10258278663
15 492.60477428 -10.9746717287
16 433.960317421 -9.41554103055
17 453.587931048 -10.2577666763
18 462.268725692 -10.104140274
19 475.885190985 -10.3736845623
20 469.992655403 -10.4236373853
21 412.595180859 -9.38789957605
22 418.372194796 -9.1546578267
23 436.356457339 -9.76943498748
24 451.716455821 -9.81829161075
25 476.657519155 -10.5825855432
26 440.35125959 -9.48827546354
27 457.861175368 -10.0913602721
28 500.290711612 -11.0192372444
29 453.005300868 -10.1471046601
30 471.039319553 -10.2460064424
31 418.468754265 -9.12413416548
32 477.468428523 -10.5995262059
33 436.133755582 -9.44113759089
34 497.38961777 -10.6919231009
35 452.645213451 -9.85114127886
36 479.079885829 -10.1333900956
37 463.196957091 -10.2860725976
38 438.116095982 -9.58501772419
39 455.799088526 -10.0018801738
40 472.368578251 -10.3431026743
41 485.273956524 -10.7189355093
42 485.107826927 -10.5974505411
43 405.350246039 -9.00673163843
44 427.778327466 -9.28504554348
45 400.667333381 -8.89381105667
46 518.379090651 -11.0487861151
47 472.081932457 -10.4949678776
48 455.332611513 -9.79528261033
49 455.576348952 -10.1944447737
50 421.074488005 -9.23732216966
51 507.039296357 -11.2514914669
52 396.444978401 -8.70207830852
53 463.559773122 -10.3182219501
54 486.91807236 -10.4826226857
55 369.661221041 -8.12511625013
56 493.994575386 -10.6266210688
57 501.996364429 -10.6151257537
58 481.459086421 -10.4323933127
59 476.584143401 -10.3854218174
60 478.356163607 -10.1737792545
61 493.153112823 -10.6893079637
62 423.731202027 -9.19587629201
63 439.592226941 -9.3582918689
