0 610.894063137 -11.646576077
1 639.591826424 -12.9162427387
2 513.026963846 -9.47609570209
3 537.107803805 -9.95768160143
4 611.637148797 -11.1748096348
5 588.389439994 -11.018924761
6 560.472753363 -10.3785750738
7 522.601520106 -9.49896722129
8 601.360416635 -11.0901142925
9 602.557568417 -10.9369052873
10 517.557090851 -9.33647170472
11 572.568737628 -10.457974125
12 536.629340738 -10.2687558055
13 544.41425486 -10.0957575685
14 577.89086846 -10.3429930083
15 539.910006656 -9.93502976692
16 547.645008956 -9.91923802099
17 540.67657712 -10.0986458527
18 535.049966094 -9.96878200361
19 559.09550918 -10.0484384671
20 568.322814265 -11.09693226
21 560.168529281 -10.3665065194
22 560.725298607 -10.5462479175
23 551.428685949 -10.2300286521
24 561.450890904 -10.1069479406
25 570.237595338 -10.3242833832
26 601.151022544 -11.1523952167
27 605.561314953 -10.9887495777
28 570.165035115 -10.2059211932
29 576.817841432 -10.3967932417
30 634.0665489 -11.2732308024
31 537.823635613 -10.0504113464
32 616.123609136 -11.1327464371
33 524.831972145 -9.54959722818
34 599.628125714 -10.6812724144
35 548.176124645 -10.2986528787
36 560.657252463 -9.94402811305
37 629.925476398 -11.6361362667
38 601.53939969 -11.2580853755
39 546.608404306 -10.0501350493
40 657.818671622 -11.8608969534
41 596.497022112 -10.9334654517
42 532.978404503 -9.88037299087
43 547.667884349 -10.0913216621
44 570.091182712 -10.5275500916
45 576.03185638 -10.7090539407
46 531.679958405 -9.82225230927
47 576.559154916 -10.8120933023
48 677.442360759 -12.3832251961
49 591.071418086 -10.5126625933
50 550.399956132 -10.0955633087
51 554.183840548 -10.1524096558
52 564.286610936 -10.2381624033
53 512.482522937 -9.7203437405
54 525.603855661 -9.534488528
55 645.360752956 -12.0502784119
56 609.092336656 -10.9717039891
57 483.93620363 -8.96243987793
58 611.867580705 -11.261320324
59 698.092810901 -12.6618089863
60 612.910625612 -10.7963669608
61 567.251069933 -10.5090778815
62 579.450175906 -10.5679452416
63 632.760585771 -11.3153329921
