0 540.351225263 -11.7965992513
1 469.352133186 -11.2004244018
2 531.176446799 -11.7031405162
3 571.723485593 -12.3865122164
4 409.207671565 -8.98593201679
5 531.48466041 -11.0932467299
6 476.054350747 -10.3472241375
7 548.261190978 -11.4975395157
8 497.876951141 -10.5436435357
9 563.102033834 -12.1755930535
10 494.82038986 -10.9851671835
11 494.159263856 -10.7654510138
12 550.416102769 -11.8667061797
13 538.059587198 -12.3100576643
14 473.618090199 -10.6900543406
15 536.897940098 -12.024432619
16 479.153344314 -10.8893515971
17 467.690790915 -9.94029459922
18 506.03810662 -11.0697042194
19 531.972389671 -11.5393799781
20 523.14145666 -11.8643633237
21 467.560956439 -10.2323844704
22 529.982694758 -11.4000659131
23 509.082760732 -10.9842512783
24 543.771688889 -11.6952992577
25 466.619315142 -10.3677129255
26 544.895822585 -12.0621040812
27 467.345038941 -10.2851879091
28 537.818836149 -11.3944408165
29 484.293624963 -10.2540290379
30 540.732264805 -12.1601216308
31 561.528650163 -12.2542922079
32 547.284247985 -11.5772914295
33 593.615593154 -12.3116452806
34 583.76842664 -11.8211020928
35 488.726204813 -10.7122081301
36 510.436412848 -10.6487405978
37 529.963804051 -11.9399000036
38 451.093310753 -9.71165086013
39 485.900879534 -10.6045720298
40 552.346635045 -11.8514199209
41 531.497989608 -11.0266108996
42 558.376762201 -12.4153072065
43 509.528271419 -10.6669228808
44 578.458581376 -12.6473175865
45 493.006908837 -11.054052714
46 509.068062137 -11.1238286229
47 541.055493549 -11.6974083431
48 526.250644443 -11.3550277049
49 502.481124719 -10.7500957217
50 543.116544472 -11.4124504899
51 577.376658003 -12.4614511117
52 478.795226465 -10.3099513824
53 484.571933659 -10.8315670768
54 535.091557894 -11.5274447886
55 437.806120655 -9.57776132573
56 493.772137012 -10.6716589928
57 496.857883179 -11.3873616311
58 459.192354327 -9.93888244114
59 505.654015793 -10.7548327702
60 480.406517845 -10.4244400311
61 472.040020227 -10.7098263011
62 526.441941924 -11.1980171568
63 580.702793919 -12.2811516975
