0 478.392449928 -12.2415514359
1 549.448104408 -15.579288737
2 470.476317689 -12.2748729087
3 574.991205909 -14.8104135162
4 557.422765663 -14.4435766698
5 521.841516649 -13.4629828769
6 521.729310863 -13.416264669
7 613.53079264 -15.7322511776
8 438.153887119 -11.5250497802
9 548.088631641 -14.0973223836
10 457.623891699 -11.8162022109
11 499.178255412 -12.7127093236
12 476.030946055 -12.684828948
13 513.660674413 -13.5066413739
14 477.455490243 -12.2619601231
15 506.078713243 -13.2357377222
16 474.395877225 -12.0680994506
17 476.804046551 -12.4276839116
18 554.719566825 -14.1106625196
19 533.599577698 -13.7555338976
20 516.35906705 -13.6964856875
21 447.751740947 -11.7937717258
22 433.765370813 -11.2704119291
23 541.559640691 -13.861466277
24 555.503462817 -13.9648520856
25 466.306442177 -12.1921355863
26 534.988992449 -13.7297689395
27 517.762171959 -13.6378937204
28 558.390883553 -13.9067820881
29 439.998054586 -11.4345730698
30 531.376466613 -13.5973931546
31 483.75462135 -12.4811852325
32 607.663538583 -15.2423965172
33 508.993344992 -13.2452854419
34 529.30105474 -13.2149611771
35 496.150874358 -12.7603661815
36 536.780251026 -13.8321966954
37 485.368358151 -12.9108310623
38 546.930477225 -14.2488766323
39 528.231360395 -13.7780015478
40 447.329485681 -11.6775143405
41 621.899449218 -15.9439512053
42 534.672139436 -13.6507699605
43 455.381041899 -11.9282142556
44 540.232060849 -13.7004123159
45 532.131134671 -13.4703814421
46 565.218483332 -14.5658634693
47 555.634620726 -13.9219154583
48 493.508682981 -12.6276516016
49 499.545413417 -13.0928608294
50 505.962073452 -13.2317321273
51 520.651602727 -13.419013055
52 470.650102746 -11.8635459534
53 485.258794822 -12.6010227024
54 540.746613279 -13.7256436552
55 486.652527924 -12.5615065217
56 537.996560913 -13.8785216211
57 534.772844924 -13.8321607569
58 606.003763827 -15.3331258967
59 537.559574731 -13.798734508
60 492.938274843 -12.4852024728
61 549.394646633 -13.9933403011
62 533.941707884 -13.7738460576
63 464.506767859 -11.6080958152
