0 549.530250354 -9.62762418693
1 522.237689187 -11.4863235814
2 500.9584936 -10.3524737079
3 537.032653583 -10.750161529
4 592.85400779 -10.7553309984
5 538.644148411 -10.6170404721
6 661.069889718 -11.5290324628
7 480.289951839 -10.0704111301
8 499.726224107 -10.4663864517
9 540.254332465 -10.9959290584
10 627.38318632 -12.8554682614
11 516.874877957 -10.0842671129
12 540.14220242 -10.9715194106
13 602.208312635 -12.1970543722
14 502.728206551 -10.4382208185
15 525.580401179 -11.1799429404
16 519.831102063 -10.072069159
17 640.746260366 -12.1118141035
18 523.583834292 -9.28919432016
19 594.490362977 -11.031864984
20 556.92119998 -11.0504979043
21 563.966824681 -11.5774209584
22 514.42440648 -9.84195868553
23 523.17121877 -11.2299307018
24 583.728779784 -12.857587627
25 552.008721897 -11.0393890792
26 593.185181964 -11.6763522847
27 488.179127043 -10.404177293
28 512.499402038 -9.97787840338
29 584.766037277 -12.347672752
30 519.346607325 -9.80658994239
31 599.338841271 -11.2542493182
32 526.173699731 -10.7150549336
33 521.363417227 -11.4962377466
34 516.584053199 -10.7461287799
35 521.893068583 -11.0880331933
36 526.699191609 -10.7818678474
37 611.197135982 -12.6781190342
38 633.844937587 -12.0278403578
39 649.679362537 -13.6657380829
40 470.645451315 -9.26059448008
41 473.701353247 -10.4002341331
42 601.769628702 -12.7955340184
43 511.400293022 -10.0897554206
44 576.521997521 -11.6416293834
45 649.659240793 -12.9045561689
46 554.500160187 -10.4811582654
47 591.978804051 -10.5373955308
48 576.736007902 -10.7777523264
49 560.217927925 -11.0935611211
50 605.796967022 -11.6823177116
51 586.865801848 -11.235746374
52 487.160986355 -10.427815342
53 511.127284877 -10.6985644769
54 553.122369183 -10.5457688353
55 659.279201246 -11.8008156762
56 544.714865625 -10.2966133411
57 501.599918719 -10.7438085086
58 557.484845881 -11.8647068989
59 513.722324125 -10.8673398105
60 471.576424538 -9.9385864638
61 572.285223902 -11.999795334
62 541.66091826 -10.842572637
63 626.181903554 -11.8914607578
