0 534.883193376 -12.4073250177
1 488.014388326 -12.1979658
2 469.712845203 -10.6849211752
3 548.154589084 -12.5976198436
4 514.915080521 -11.7962606745
5 481.011519174 -11.0039457186
6 457.503332975 -10.7431494702
7 481.803293743 -11.159675415
8 552.273194615 -12.5143968005
9 538.025290367 -12.3982700714
10 590.786262403 -13.675136234
11 460.793380749 -10.6033498078
12 457.595668677 -10.8231182334
13 549.305885109 -12.7370219404
14 514.135474279 -11.6659070855
15 499.945144489 -11.4227296625
16 537.602897121 -12.1155966887
17 533.46382676 -11.9191676067
18 435.516361787 -10.1907241902
19 477.46893265 -11.0339381595
20 506.380238867 -11.6414160493
21 522.38760949 -12.1473575602
22 490.886249474 -11.1425456135
23 541.884268544 -12.4341502868
24 466.133731022 -11.0362343807
25 521.967281758 -11.8193364471
26 531.082902608 -12.1218827133
27 478.499690991 -10.7391023514
28 544.244739961 -11.6581551469
29 491.762301109 -11.353456504
30 484.656120385 -11.5243540674
31 584.009198895 -13.1464477173
32 493.302184651 -11.2770866002
33 537.495753768 -12.2552099833
34 491.748465315 -11.0935684369
35 484.830104898 -11.1002327369
36 613.879754931 -13.2255073695
37 547.784197365 -12.4966505495
38 544.247036678 -12.3192646725
39 441.330451095 -10.0414862949
40 453.151983797 -10.5408109608
41 558.297172968 -12.4861665888
42 455.007910542 -10.4577590718
43 420.124171357 -9.54054808525
44 493.217596273 -11.3602604314
45 514.095040978 -11.6382731478
46 498.179143578 -11.2339878209
47 483.360953266 -11.5100054852
48 510.778426654 -11.4999166389
49 521.498491073 -12.1567423216
50 511.526286616 -11.9177503831
51 436.694485238 -10.0561125277
52 463.764342666 -10.2877355246
53 486.288479023 -11.5058901523
54 515.796434926 -11.6277782204
55 503.090286829 -11.5278899068
56 515.684332663 -11.8590542858
57 488.693747837 -11.4723632646
58 518.312427685 -11.6755605332
59 491.174761749 -11.4062879661
60 525.680721752 -11.727880976
61 426.905855133 -9.82152020573
62 536.412489565 -12.3914684299
63 462.081960253 -10.0645538312
