0 629.849015924 -13.8464926633
1 663.540892885 -15.3049595528
2 571.982493627 -12.776559624
3 626.137888214 -13.752463499
4 663.767969834 -14.2644165592
5 775.968091221 -16.4066603334
6 729.019278824 -15.3438343475
7 635.512797183 -13.8329503044
8 619.090786398 -13.4711805105
9 668.536195558 -14.8481735781
10 769.763073338 -16.5114996511
11 580.668799827 -12.8308430142
12 707.953705283 -15.3163785809
13 582.148588482 -13.1567363614
14 496.517455943 -10.9154514104
15 655.868719512 -14.1535886522
16 574.591451347 -12.3290129651
17 668.072735523 -14.7025752057
18 643.241011494 -13.5058735735
19 564.054968209 -12.3776977573
20 623.358993473 -14.0989023241
21 644.763441704 -14.5583024345
22 618.043219405 -13.628750671
23 672.648259858 -14.7100262311
24 678.057121053 -14.5701734771
25 646.819110767 -13.7906142446
26 592.740037788 -13.1261390501
27 656.858023527 -14.2296976352
28 569.920781591 -12.6368400358
29 696.961643261 -15.0090882985
30 610.58887272 -13.2253592274
31 598.202157712 -13.1716021483
32 592.204000892 -12.7874238977
33 693.442526714 -15.3446586048
34 621.689341645 -13.3652955651
35 596.2648415 -12.7241022429
36 666.011962378 -12.4883131977
37 636.171770681 -13.5349182507
38 525.603282403 -11.7738249556
39 547.708308396 -11.9991419168
40 632.36315948 -13.0552170561
41 560.669115114 -12.4588646892
42 543.065224223 -11.99296274
43 667.86098863 -14.9726592295
44 490.440323398 -10.5948206193
45 636.957468984 -13.8085765393
46 601.051702689 -13.0744468757
47 561.046316656 -12.5158291981
48 593.861465371 -12.5911538503
49 691.410591443 -15.4065834044
50 611.040515375 -13.0678472985
51 653.361057309 -14.3698983841
52 658.883759952 -14.0188322999
53 600.869043808 -12.9523395281
54 655.955011959 -14.337386955
55 662.760437086 -14.5731014306
56 602.638389092 -12.872550999
57 566.554330522 -12.2419193833
58 559.943496058 -12.2257208267
59 704.996982235 -15.0895836828
60 527.123641522 -11.5263422621
61 622.182506025 -14.2912335297
62 649.750930297 -13.6229604968
63 618.878320492 -13.313376291
