0 562.568968271 -13.4492398477
1 494.358013918 -12.8174750163
2 535.811160721 -13.236316165
3 579.654412958 -13.1026339691
4 428.241294021 -10.3046842072
5 484.228271524 -11.114202575
6 514.275714933 -12.0469642656
7 486.583364524 -11.8325554882
8 530.784169513 -11.6695692419
9 546.436462809 -13.0487676613
10 466.192955316 -11.0043290551
11 435.452132535 -10.973470002
12 483.715612743 -11.9865680749
13 512.874390473 -12.4465506014
14 481.197138045 -11.7235403554
15 706.147898022 -10.5790625878
16 508.96392646 -11.7236201264
17 570.743508919 -13.2057131112
18 520.581358643 -11.841538171
19 365.659745481 -9.5880122266
20 479.209722822 -12.3162103328
21 498.840061673 -11.4917640833
22 437.513709721 -10.684074227
23 455.825528345 -10.7590142993
24 483.622808485 -11.2586447357
25 401.233088484 -9.83860339452
26 592.01273146 -13.4672643107
27 514.341496513 -12.1607184124
28 612.865193366 -13.6058439946
29 489.602397683 -11.7404811101
30 466.04950642 -10.6340125296
31 528.90270029 -11.8918824681
32 609.806763963 -12.4148104412
33 526.599281078 -12.2920269728
34 590.352860002 -13.0895866128
35 476.984662517 -11.2224869629
36 509.137682448 -12.0904453038
37 535.766431987 -12.5547313368
38 477.954444994 -11.6744641917
39 498.766970035 -12.4851740143
40 598.611831626 -12.7886782693
41 436.367963436 -10.4456670046
42 491.562365781 -11.6849941092
43 515.15753809 -12.093654023
44 490.447851501 -11.4241559088
45 511.159680317 -11.8736727021
46 479.205051655 -11.7375860852
47 602.12533168 -13.7718425497
48 535.798557061 -13.2437125078
49 454.743188498 -11.1228772523
50 493.893861169 -11.1102243463
51 435.836937997 -10.9702815044
52 579.709311759 -12.485226933
53 488.449678663 -11.8555511101
54 495.493174966 -11.3692029444
55 496.944184113 -11.9455462381
56 569.641555553 -12.8586461086
57 522.740600528 -11.6997163837
58 461.15257346 -11.152002478
59 489.836620596 -10.9384118744
60 495.749821471 -11.0218395636
61 534.517704568 -12.9891632023
62 611.446331757 -14.590335974
63 559.366431152 -12.4670628431
