0 496.57693707 -10.8497748827
1 589.861128621 -14.8819687686
2 545.585949172 -12.1013903438
3 580.980909946 -13.0785451689
4 536.745454884 -14.0783912788
5 554.661191489 -12.4675649613
6 531.08491438 -11.5178519412
7 534.700601096 -11.7931928777
8 559.040494762 -12.8181350171
9 573.667246164 -12.9556020839
10 570.713172464 -12.232051013
11 565.802095418 -11.9868372358
12 523.687907463 -12.1411556808
13 561.08116476 -12.366914827
14 674.4360605 -14.5723428973
15 643.499777474 -12.9219321927
16 611.513678862 -13.3074601186
17 505.989512428 -11.334478549
18 571.674115497 -12.5109554772
19 578.029271718 -12.3907340692
20 624.150070306 -13.9565341794
21 625.456241171 -14.3353685272
22 494.267879941 -11.3810049791
23 635.552667161 -14.5668715452
24 631.503501245 -12.9528890346
25 558.274892842 -12.2806489858
26 570.35470798 -12.7781552415
27 510.047261669 -11.4778169852
28 651.242037571 -14.1383798765
29 592.53862292 -12.749208606
30 610.671927057 -13.5309376612
31 442.867525896 -9.87225711732
32 534.014345982 -11.5007732839
33 611.437402136 -14.0629807189
34 699.396173445 -13.4716763634
35 592.771663966 -13.1694946876
36 621.597998129 -13.2310991615
37 606.196920045 -13.6822269352
38 548.994717402 -11.9605522386
39 522.514925925 -12.0004394796
40 624.567187413 -13.7556046021
41 608.374065571 -12.6216798664
42 582.013757917 -13.1424857077
43 552.379555781 -12.5246697833
44 650.481574837 -13.8547089413
45 559.521411872 -12.4246828409
46 676.391701567 -14.5222571176
47 505.971614654 -11.5080954103
48 548.156802579 -12.2781099315
49 540.756848527 -12.2115610911
50 588.242083796 -12.6928740621
51 545.292759733 -12.4793829413
52 539.487759894 -11.8636408297
53 648.552496234 -14.2273305118
54 1008.25176357 -0.00955440738873
55 543.900697717 -12.3113204473
56 560.482105583 -12.5925183375
57 596.1693906 -13.4158174455
58 543.346784237 -11.621040033
59 572.110426607 -12.7261648303
60 593.989344945 -13.1599187405
61 585.835254913 -12.9287765966
62 569.520198866 -12.6253010515
63 533.895270819 -11.2964270299
