0 564.354518393 -12.0172357102
1 469.132388508 -12.4900008781
2 450.143691772 -11.6586116202
3 483.830408918 -12.2684000242
4 559.974507182 -12.620388204
5 492.491042021 -12.2581807377
6 499.27730831 -12.0282532189
7 451.132064581 -11.6148963207
8 525.08649149 -13.5513678123
9 495.521797868 -12.4962205036
10 420.802960577 -10.6899435435
11 505.597942214 -11.8902465303
12 518.473986836 -12.9980372328
13 528.056035829 -12.4582723316
14 514.215545884 -12.9325382753
15 434.307867152 -11.3613978981
16 429.536962905 -10.8900945601
17 528.527151593 -10.9861473636
18 495.79928831 -12.1648922768
19 463.493850134 -10.5925803023
20 406.270326511 -10.9488230501
21 423.740866763 -10.7126746997
22 437.757116949 -10.8871951544
23 510.233589622 -11.6165816107
24 447.019323949 -10.6527967274
25 487.010145934 -11.924171295
26 479.706333426 -10.9068528862
27 525.215355309 -13.256893383
28 585.070768163 -13.3316944002
29 502.737803659 -12.202280962
30 450.361666447 -11.1712172106
31 478.504350882 -11.3147003335
32 437.308499999 -10.873189115
33 511.670600812 -12.7376709973
34 434.819393293 -10.8514866319
35 443.62013293 -11.6867877996
36 420.318476267 -11.0835382914
37 439.459617013 -10.7035676933
38 406.561260687 -9.74281610039
39 419.762489185 -10.5435750468
40 468.047316063 -11.4788416215
41 492.358246909 -12.4148579409
42 516.927932653 -12.7619053436
43 435.033475723 -11.3679469211
44 504.62645603 -12.1514506575
45 454.005429721 -11.1395630211
46 462.301271404 -11.1848827447
47 463.680390667 -11.3132570335
48 459.762408067 -11.6955129603
49 476.871289375 -11.3877261733
50 463.209318713 -10.5205712217
51 429.57997105 -10.9308788539
52 516.015554056 -11.1585858856
53 516.065817251 -12.6635443207
54 443.496686961 -10.8365693749
55 427.159750669 -10.7304834168
56 500.569878661 -12.4508377688
57 499.385971542 -12.568903859
58 489.915383235 -11.7860073338
59 513.98672321 -13.2890405488
60 436.134192106 -11.25058502
61 451.433027243 -11.2820764203
62 469.900545302 -11.5330863925
63 None None
