0 485.419234086 -10.9416198565
1 394.794391091 -9.44915082771
2 410.301279885 -9.38896459395
3 466.956127601 -10.8025167763
4 407.272375996 -9.00898724612
5 398.839657382 -9.0854689363
6 404.415024367 -8.61856117971
7 459.806185203 -10.9182048734
8 415.203854931 -9.50589268157
9 463.265795354 -10.928124659
10 435.792248976 -9.73766531303
11 498.932425109 -11.3999573428
12 420.531102947 -10.1733826136
13 419.211800617 -9.50349192113
14 500.504146918 -10.2400628558
15 476.175550875 -10.9541962137
16 432.069052875 -9.53320981818
17 412.577963757 -9.58871061172
18 443.413715512 -9.456664395
19 411.141693916 -9.34283337655
20 447.907092393 -10.373756217
21 448.986322641 -10.2745383347
22 435.63878113 -9.79676741355
23 448.615052603 -10.2897764826
24 447.411070219 -9.74036511734
25 379.644366349 -8.40916363024
26 475.22772462 -10.3019609193
27 470.939304452 -10.2700715908
28 438.417462239 -9.61058385702
29 397.787186539 -9.13928499781
30 444.652048241 -10.0452061407
31 435.428462319 -9.579680955
32 479.963960346 -10.1099012694
33 469.744545865 -10.2127114295
34 560.040606405 -12.3479586471
35 451.922179217 -10.3593609287
36 529.641193834 -11.7726881898
37 500.881716877 -11.3117055695
38 482.102855705 -10.8852191083
39 429.705418584 -9.6083259896
40 509.425084545 -10.8977253187
41 453.083352606 -10.4712459694
42 390.513742102 -8.83876976677
43 470.367431227 -10.5108715994
44 390.768159706 -8.78025229893
45 420.820854681 -9.09214965377
46 575.836953537 -12.1290802418
47 490.912489476 -10.9595238566
48 433.531543453 -9.29934110147
49 450.438101531 -10.1566779143
50 456.076261807 -10.2151743276
51 518.163714049 -11.7097316844
52 482.916839047 -10.5706986621
53 495.320082894 -11.2367475376
54 429.791381482 -9.74751330675
55 433.775117189 -9.92762524429
56 482.075136615 -10.7397722782
57 396.187863355 -8.81488586933
58 543.338683614 -11.6727859102
59 442.157818012 -10.1131466896
60 457.821167573 -10.2732133274
61 493.497385866 -11.1518681067
62 446.352705694 -10.0793827373
63 409.563331853 -9.31289708493
