0 507.597677871 -12.2422800379
1 518.876886603 -13.6123623788
2 486.834088983 -11.7762382149
3 552.440829428 -13.3106978906
4 605.056013887 -14.2364720883
5 543.228557857 -12.994500351
6 543.851553183 -12.8029019823
7 736.757430299 -17.6486564136
8 483.21014596 -11.4227985823
9 582.494670262 -13.9346475792
10 527.14631589 -12.6815941221
11 555.885004264 -13.5033199273
12 622.736414124 -15.589465581
13 578.336867065 -14.1769517924
14 517.689174593 -12.3370872668
15 571.332347429 -13.7937455563
16 528.450301819 -12.5816050054
17 549.79335986 -12.9698133122
18 581.100186247 -13.8768501319
19 604.835191636 -14.541369765
20 583.656398362 -14.053210719
21 475.772857431 -11.9200055856
22 552.799852668 -13.2755312034
23 544.603483577 -13.1188743936
24 528.721482332 -12.8136363013
25 516.971685373 -12.4094374994
26 508.21555548 -12.3841687475
27 445.048784067 -10.9866051801
28 529.694939003 -12.5019052476
29 537.950783993 -13.0830369973
30 463.593514702 -10.9774484778
31 483.348454232 -11.822669183
32 500.92735119 -11.9182639009
33 575.463775358 -13.9413259744
34 473.763363653 -11.1828956835
35 621.200315724 -14.7868429139
36 570.824057112 -13.3096068617
37 607.682796254 -14.7359754074
38 535.793451752 -12.8508142149
39 495.008506927 -11.4111026222
40 534.299733185 -12.5570232812
41 465.567936732 -11.2965534608
42 487.427118723 -11.7005087537
43 514.219438574 -12.1261238115
44 560.057576156 -12.9786032857
45 496.028054191 -11.7168854137
46 551.097414022 -12.9673752814
47 600.088323536 -14.2976394775
48 563.718332566 -13.281163782
49 475.973322053 -11.5030022479
50 557.097788912 -13.2072110225
51 536.694981077 -12.5168338235
52 455.081853798 -11.0937029804
53 534.773952021 -12.8698886019
54 507.976477485 -12.2869176621
55 527.187752026 -12.6564169365
56 503.281412985 -11.7585875951
57 556.213177011 -13.5352090139
58 555.048040254 -13.0183674233
59 501.810252257 -12.1512564588
60 619.139189082 -14.5681456492
61 550.561139981 -13.2150593079
62 511.813066521 -12.4617531194
63 514.672676353 -12.1108245343
