0 592.97953957 -13.8358387185
1 575.030933478 -14.118881827
2 481.959176949 -11.0357545559
3 530.796154373 -11.8955103898
4 501.525768739 -11.5575871992
5 481.347136624 -11.2756422886
6 515.495507716 -12.0372236977
7 675.510400781 -14.8024442135
8 584.286119137 -13.2924884631
9 553.332030892 -12.5963639366
10 619.284327925 -13.9268780926
11 513.598397292 -11.8722835569
12 553.690237901 -13.6120082218
13 559.931664125 -12.2931291239
14 598.43727892 -12.6585371859
15 643.695319936 -14.8165107459
16 596.886427387 -13.6567608383
17 635.169423549 -15.0510746598
18 553.958911144 -13.1434244513
19 580.185433156 -12.6437128487
20 543.488362067 -12.62893911
21 523.206876267 -12.4097128332
22 600.604488649 -13.4847224315
23 583.500509182 -13.9766481122
24 618.899633845 -11.789466716
25 753.868953867 -14.7136575087
26 765.806978942 -17.0649400136
27 514.476413554 -12.3558233823
28 530.649465398 -11.3621242225
29 578.979304017 -13.0745569162
30 572.287244487 -12.9847548954
31 568.223011176 -13.2778779524
32 598.545300899 -12.5071501999
33 535.880624396 -11.8359246328
34 696.498286559 -15.126873141
35 561.975808666 -13.1283242525
36 566.731256999 -12.3754050019
37 551.638872318 -12.7794513474
38 518.37883733 -11.6593765266
39 628.26001693 -13.9977640718
40 570.929304506 -13.1563449703
41 566.533308765 -13.3085748857
42 552.305876782 -12.8785257365
43 532.362682096 -12.3204205812
44 599.967666597 -13.0230811813
45 526.110261744 -11.8446898952
46 619.801853788 -13.9512267135
47 598.754898935 -13.735069339
48 632.433123479 -13.7139330293
49 599.932043119 -14.1106259602
50 517.621201948 -11.4501437972
51 619.860850318 -13.5459588318
52 562.194382638 -12.6903160102
53 508.182095348 -11.5049751118
54 646.390803734 -14.0980760303
55 545.582836955 -12.4587462245
56 627.88579606 -13.5382923224
57 539.14264288 -12.2538300445
58 582.638040945 -13.1169512832
59 525.343785839 -11.6662886392
60 681.879017432 -15.0942046952
61 597.9721214 -13.0608209732
62 588.564281655 -13.3899024802
63 570.336710445 -12.493461733
