0 559.961922269 -9.65165068538
1 538.898904888 -10.6594288649
2 675.931302423 -11.941426874
3 645.468677072 -11.0890355099
4 590.546446087 -10.3182911781
5 582.672443039 -10.2196633396
6 645.11436976 -11.4139515454
7 507.90534731 -9.0429383616
8 553.422640882 -9.61548714263
9 586.190099591 -10.0809506596
10 602.536522909 -10.6468919963
11 599.578760942 -10.4123401997
12 502.658621478 -9.25533863334
13 594.629498829 -10.6165843065
14 654.785617113 -11.5992448168
15 574.7919379 -9.96059304199
16 533.784272084 -9.36643548863
17 585.794286119 -10.6175224904
18 585.979164802 -10.2616909398
19 626.424992399 -11.1781992879
20 621.675139219 -11.044209839
21 516.780471704 -9.2108544448
22 492.876452439 -8.92591066328
23 615.159264454 -10.7072865126
24 571.079363572 -9.81323192572
25 619.669827965 -10.986819339
26 690.394164184 -12.0061137245
27 610.896880566 -10.9770571873
28 605.3189018 -10.5746126515
29 567.596970086 -10.0794106459
30 716.242487666 -12.2797483064
31 605.027491964 -10.8826855173
32 625.249830056 -10.6946525778
33 536.014619503 -9.42732879903
34 561.211156898 -9.85092944739
35 536.625175188 -9.72781752569
36 588.477402661 -10.2122876321
37 560.755002339 -9.93303294373
38 594.866207668 -10.0472935181
39 572.34281438 -9.81804423967
40 585.22849635 -9.96288073271
41 579.1556034 -10.4592313571
42 481.316441288 -8.2516958239
43 642.278843237 -11.4801748644
44 584.309422245 -10.0043378387
45 579.105765535 -10.3206470495
46 472.959928849 -8.61521506247
47 667.02263247 -11.8514453203
48 544.813568356 -9.34626097391
49 704.889818332 -12.2443803433
50 615.791187042 -11.0683157657
51 593.04587652 -10.2408929847
52 554.382033158 -9.80892724325
53 644.602205762 -11.4700226768
54 577.075268924 -10.2695122913
55 565.232362095 -10.0218555897
56 620.304776476 -10.4338593926
57 535.814306755 -9.47629785464
58 578.686832342 -9.62051167213
59 584.801775533 -10.3317631838
60 429.399709905 -7.60600498532
61 738.378842738 -12.4128948575
62 576.2072945 -10.3947703191
63 593.704948166 -10.5724999437
