0 364.706452392 -8.83989518508
1 405.175183093 -10.4496637342
2 456.807295395 -10.5612875376
3 389.35996309 -9.00010285882
4 413.04586801 -9.75338356519
5 400.120436117 -8.53726347902
6 413.478767776 -10.0629567183
7 415.398815149 -10.1193391481
8 405.373786828 -9.83737888902
9 380.422268071 -8.44053313889
10 340.872021269 -8.58796089534
11 422.036261966 -9.34328860527
12 385.132281153 -10.2885517485
13 419.437067141 -10.2726249779
14 365.061426738 -9.48106892239
15 410.450537403 -9.77946801449
16 363.314267385 -9.01766075545
17 395.962003055 -9.57806557515
18 371.860411156 -8.83725895382
19 421.383056427 -9.75074445474
20 412.066640815 -9.86347185014
21 410.795865235 -10.278828654
22 414.572642157 -9.55580080087
23 480.134836418 -11.2144860899
24 420.40649114 -9.00865479358
25 376.684621979 -9.43178611623
26 399.275357968 -8.6893725248
27 392.054951931 -9.18683913504
28 458.099507654 -9.01956340075
29 421.55459997 -10.1316990272
30 340.269602599 -8.46285122644
31 366.815460504 -8.40586181088
32 370.87993787 -8.46081618608
33 437.033570432 -10.2096959266
34 425.997409302 -9.99979229002
35 393.93779831 -9.25910025398
36 398.038714562 -9.46656239243
37 396.021879911 -9.50347067867
38 391.218130211 -9.00414152228
39 405.657923136 -9.58572244156
40 376.746427873 -7.72962313313
41 356.121735436 -8.80360883284
42 382.1988504 -8.23991035986
43 415.892183179 -9.73063087185
44 399.769057331 -9.13944638545
45 389.443673398 -8.64234548365
46 370.378391693 -9.02079466178
47 410.888356848 -9.42953573219
48 382.625466746 -9.1522847834
49 386.5618073 -9.17676079489
50 485.249690664 -9.50007343188
51 384.387705601 -9.375739441
52 377.730559752 -9.24952286493
53 418.94614632 -8.75736007187
54 399.146359703 -9.56899902544
55 354.210582219 -8.64227247504
56 430.250502235 -10.1832468359
57 454.395154749 -10.7354325334
58 413.553349001 -9.46072457292
59 382.450181592 -9.20376191966
60 417.454813185 -9.78761478696
61 417.802059644 -9.61558640082
62 417.901253328 -10.2197792029
63 434.784089733 -9.62136153589
