0 508.761685123 -11.0710568465
1 480.861091051 -11.7992627898
2 489.369818673 -11.0428789012
3 558.299766146 -12.8378822232
4 522.988563393 -12.1557388103
5 486.453858314 -11.7271585477
6 575.599841056 -12.1852389208
7 462.045021086 -10.5581978185
8 525.8209198 -11.1091859216
9 421.469725879 -10.0801670246
10 464.580170436 -10.9018243785
11 535.485096924 -11.6900850802
12 452.894070833 -11.2068136264
13 461.873307581 -10.4131962723
14 573.863128229 -12.292912818
15 473.556369031 -11.0266313076
16 455.269048881 -10.3865812339
17 382.973009325 -9.53522919798
18 422.905455424 -10.0644755385
19 474.913436101 -11.3228530815
20 467.681506303 -11.6027903409
21 492.048487146 -10.8068368735
22 523.186320906 -10.9347466722
23 423.845785255 -9.82805865012
24 536.060830402 -11.8979955317
25 506.289342985 -12.1978214671
26 504.924037419 -11.4832790197
27 463.645247086 -10.7571110349
28 487.682659277 -10.7752542176
29 443.401622074 -9.99809801559
30 464.728128979 -10.5621671651
31 498.498858428 -11.8579654755
32 541.264536079 -12.7554179861
33 503.712777368 -11.2346186008
34 439.382112772 -10.0474158288
35 494.869733835 -11.0581537135
36 525.831132068 -12.1106596975
37 449.770151054 -10.5167360426
38 519.023301151 -11.6793258543
39 488.843489053 -10.9446045314
40 540.32744696 -12.2605595744
41 454.665509044 -10.8182069463
42 487.498682758 -11.1589898447
43 486.263945605 -11.2086178421
44 487.545741553 -9.88172943477
45 499.082479452 -11.4703884964
46 492.41073898 -11.6280978505
47 456.883737042 -10.6563739688
48 457.959576136 -10.8074842027
49 465.488303582 -11.0763133209
50 484.782076819 -11.4231235479
51 532.33217657 -12.0507715651
52 450.705632482 -10.6226862365
53 460.81011443 -10.3977522912
54 444.524954533 -10.3584824625
55 474.889651894 -11.3065413418
56 463.249619922 -10.66846156
57 417.294215783 -10.0272519913
58 441.479523846 -10.4431354386
59 458.83630925 -10.5349655673
60 514.459694464 -11.5275794227
61 468.010938855 -10.3937972682
62 501.988037021 -10.9433006502
63 484.751823056 -10.3280335127
