0 576.321473109 -12.3456738084
1 560.383379151 -12.9413171096
2 566.768220009 -11.9009712875
3 504.133484415 -10.8148295457
4 497.211552794 -10.6524302257
5 535.929470094 -11.8084191737
6 536.641969639 -11.6012034819
7 552.484703238 -11.1512572022
8 505.461200694 -11.0049792576
9 600.504686702 -12.5615176077
10 544.986380061 -11.0528258524
11 536.717604759 -11.8450479371
12 486.874468098 -11.0354661706
13 614.743555962 -13.322839624
14 562.157448133 -11.4414012566
15 487.906354883 -10.3819126194
16 590.150643932 -12.4083315525
17 517.440948428 -11.0306435043
18 530.279787272 -11.1384981466
19 616.315774934 -13.2011488925
20 497.317467667 -10.763634656
21 609.91482595 -12.7537137599
22 530.198168309 -11.0615456158
23 514.232110468 -10.4122483217
24 607.997764159 -12.737151075
25 543.357926991 -11.6284792622
26 561.845280846 -11.5346971473
27 554.341230814 -11.4903975068
28 None None
29 558.292671785 -11.8740431864
30 538.85029755 -11.7275416576
31 590.716224466 -12.5207369214
32 545.724250565 -11.6775929347
33 573.657864602 -12.6515461819
34 536.206137143 -11.2828732186
35 607.421853341 -12.6472206769
36 516.291985323 -10.7677240469
37 532.552841249 -11.2164523195
38 563.177193097 -11.7179478685
39 587.808929382 -12.7750217349
40 647.574576128 -13.3459638673
41 491.743198314 -10.3511634656
42 521.89959806 -11.2511379312
43 590.330013583 -12.4379644782
44 631.472376015 -13.5987959557
45 556.868454173 -12.1673520467
46 539.425542482 -11.3867140583
47 521.828973414 -11.5635542759
48 613.775471343 -12.8554735767
49 532.790684789 -11.1637927576
50 565.491445403 -11.3678998117
51 506.391477608 -10.7786973597
52 562.316796731 -11.798327435
53 550.664069539 -11.6642684982
54 535.091161841 -11.4498654871
55 508.981927944 -10.8985844404
56 599.86594065 -12.7842716605
57 542.954079611 -11.6233698456
58 555.972288209 -11.649722695
59 543.035036635 -11.7543289247
60 622.12540558 -13.3041570663
61 570.920842439 -12.1309195473
62 549.060540825 -11.8162307561
63 649.880444685 -13.0778422385
