0 530.735676375 -11.6843324262
1 528.025206302 -12.785792763
2 517.820319327 -11.3767199905
3 489.196184276 -10.957642533
4 535.173053121 -11.4630699698
5 501.171512164 -11.1197264118
6 464.615304527 -10.1376941223
7 540.475994206 -12.2550915628
8 500.049299665 -11.4344884302
9 559.807877522 -12.4884038715
10 595.177543482 -12.7433012281
11 454.539115747 -9.70785288285
12 487.480199678 -11.1781213868
13 532.682907658 -11.8379579181
14 521.202300363 -11.5065175414
15 461.646055585 -10.4232490289
16 503.508674677 -10.9276958936
17 510.102020519 -11.4362683211
18 540.6861868 -12.0126176287
19 446.285259878 -10.0746786284
20 521.524095982 -11.6244579634
21 489.409425229 -11.1279472347
22 495.537424086 -11.0482364897
23 522.144031194 -11.4986946186
24 534.379096938 -11.686822823
25 557.6412928 -12.4949052715
26 464.661548924 -10.282980944
27 545.624948444 -11.9898601065
28 506.694888507 -11.278331496
29 484.793341632 -10.4176019801
30 410.185005687 -9.06946844475
31 543.171800166 -11.8154368373
32 509.939685265 -11.369900928
33 570.355069036 -12.437638177
34 543.852132329 -11.4139193203
35 553.914815249 -12.0277709627
36 490.197787881 -10.9244670337
37 521.28069864 -11.425942297
38 486.14934215 -10.8972479506
39 548.096476747 -12.175076759
40 491.227354183 -10.7573365837
41 427.374820547 -9.71582594285
42 567.226560267 -12.0585981163
43 452.408274496 -10.0872134339
44 449.138808778 -10.047202363
45 482.191748631 -10.5078908576
46 524.985606462 -11.4546063118
47 466.365931577 -10.4944361118
48 477.067918105 -10.7294897966
49 521.942081602 -11.6487040921
50 542.326690904 -11.7052448075
51 548.464703658 -11.8644446434
52 594.28595771 -12.5612356398
53 513.692685714 -11.2221402976
54 567.47788043 -12.3647580569
55 514.791969757 -11.3277530591
56 577.839168987 -12.5902678533
57 506.709933558 -11.1695489066
58 490.43601223 -10.7723470037
59 501.907357245 -11.0120040011
60 460.452292411 -10.23688419
61 523.808631051 -12.0189544996
62 538.607678934 -11.7988526527
63 587.568032159 -11.9816366754
