0 559.142282697 -12.022845091
1 591.930804381 -13.6873405569
2 587.918986542 -12.1298358711
3 490.496552119 -10.7271508306
4 592.964894965 -12.620497867
5 559.245416411 -11.7772777821
6 574.854138199 -12.1584104743
7 545.928846073 -11.995836513
8 633.080572923 -13.5732995028
9 585.84988685 -12.2112474379
10 656.456385392 -13.2371917795
11 628.101915358 -13.162142269
12 505.095751631 -10.9739899378
13 597.844130937 -12.7669162507
14 626.775350353 -13.3467809093
15 482.932155599 -10.3885637316
16 494.948075762 -10.3808431725
17 531.420142649 -11.2381978029
18 561.954585593 -11.6593863246
19 608.515521877 -12.7860920662
20 567.782717662 -11.9470672906
21 556.840260692 -11.8860680315
22 538.311427323 -11.3433277833
23 651.456912849 -13.9707075874
24 514.703850704 -11.0506985251
25 574.148250266 -11.9458142389
26 606.372284451 -12.2483227201
27 584.861280516 -12.4976443181
28 509.62581462 -10.6002530655
29 672.873159651 -14.2008627948
30 697.367793072 -12.9024299086
31 549.582417793 -11.6910903319
32 568.97282553 -11.9211455674
33 489.512518219 -10.0747140336
34 642.493522192 -13.2736491279
35 480.887469535 -10.5111835276
36 541.259335668 -11.4642576389
37 654.278767044 -13.9980096803
38 547.108922511 -11.4749211295
39 647.961995739 -13.2616977005
40 529.374135272 -10.9321928548
41 534.673232183 -11.0682287441
42 520.303480751 -10.8687957755
43 584.766026643 -12.6798037425
44 591.422092894 -12.3041849163
45 524.537791891 -11.3128065965
46 617.552902669 -12.8041740749
47 527.394559807 -11.4634994743
48 566.402437254 -11.9191991927
49 572.537213109 -11.5822506791
50 520.36189443 -11.1591300589
51 453.987483023 -9.56795418092
52 536.907552828 -11.5980148991
53 515.940060901 -10.7194645198
54 494.070630657 -10.3965903003
55 534.8697746 -11.310639171
56 438.170173632 -9.63213988727
57 655.170332717 -14.2860849241
58 574.014740768 -12.3968169486
59 570.580801264 -12.0769395174
60 490.974532121 -10.169113873
61 580.981913085 -12.2891665009
62 576.536209613 -12.3183541877
63 572.592022935 -12.1779476461
