0 498.607942693 -9.11599258483
1 505.416775402 -10.2580195183
2 535.001356772 -10.1679078701
3 431.851993413 -8.3323499451
4 556.841745813 -10.9501923044
5 514.416211927 -9.41895795081
6 516.176228788 -10.673495177
7 523.107155323 -11.1055922385
8 494.669945236 -9.07010674156
9 494.90654134 -9.23060291321
10 446.780979065 -8.44157459798
11 480.065480262 -9.38344257321
12 479.605848705 -9.88917094892
13 546.168962192 -9.7028963557
14 485.052344654 -9.05038126088
15 494.877548362 -8.36412209287
16 542.797925505 -10.5760334785
17 613.464484026 -10.9365212249
18 510.697443838 -9.51169829972
19 599.428727962 -12.0101078468
20 534.297512084 -10.2843737977
21 471.283022671 -8.36945165333
22 475.806464105 -8.99020392965
23 500.822408703 -8.84218126096
24 634.201601003 -11.2706572021
25 455.873830596 -9.27726367182
26 493.51322245 -9.69805157125
27 504.34718311 -10.3517512228
28 505.986130108 -10.0018989679
29 563.591662659 -10.1128397735
30 526.533813558 -9.02856273239
31 580.425574933 -10.8169656633
32 586.158886305 -10.0043787844
33 592.251553341 -10.1948678212
34 448.402363812 -8.71877494134
35 473.336107291 -9.68133508273
36 574.924418964 -10.4925781879
37 533.40504737 -8.7442687158
38 586.963047267 -11.0186114355
39 452.921211996 -8.97038500384
40 535.495249231 -10.6504481401
41 497.379748175 -8.63132566681
42 480.779569375 -9.17436385834
43 530.864802529 -8.67647842842
44 556.608951494 -9.76299560832
45 457.268574291 -9.18810532285
46 497.329487412 -9.6052642635
47 574.399746003 -10.0973616935
48 540.272427689 -10.4946199605
49 561.282146199 -10.2328718268
50 509.502217726 -9.14084521229
51 554.69934765 -9.78426685575
52 446.154594878 -8.84695495899
53 455.438078255 -9.22261416601
54 583.160058048 -11.3622756532
55 521.933540684 -9.47275127179
56 497.97817331 -9.1085788009
57 548.160774352 -10.6266743869
58 463.226986953 -9.09803764699
59 458.320846925 -8.33174831737
60 479.122639757 -8.80113518328
61 464.266398109 -8.94230428988
62 519.893297825 -10.42850946
63 499.289298715 -9.24552812975
