0 436.567013879 -10.4581595512
1 533.706299845 -13.7013774762
2 461.80771118 -10.7571307096
3 500.652381165 -11.5535589374
4 444.408639352 -10.4063929261
5 503.666802211 -10.9739421621
6 509.52958582 -11.8335342194
7 417.741279183 -9.75993938064
8 451.823499982 -10.1867629106
9 479.294681239 -11.7787392339
10 490.286923131 -11.4677950217
11 491.840664449 -10.9180832014
12 426.888375544 -10.254707955
13 502.03818052 -11.3370302032
14 501.993480912 -11.7575260214
15 517.542258897 -11.5895970242
16 481.601224567 -10.7321268595
17 472.532200991 -10.909128155
18 492.532258563 -11.0433391143
19 463.671562494 -10.9595943377
20 456.744062622 -11.1744655349
21 476.998247891 -11.0855831053
22 426.210066224 -10.0383456748
23 432.251670696 -9.75074106422
24 481.764924445 -10.3501246975
25 455.142243517 -10.3504175751
26 530.951997903 -11.9733236191
27 557.756739299 -11.8955907967
28 489.024947249 -10.3536286686
29 527.450563666 -12.0780485718
30 482.019969934 -11.038545951
31 527.464007564 -11.693314922
32 457.162562749 -10.1714531295
33 444.806926097 -10.5074064407
34 449.337438888 -10.141161294
35 479.092560833 -11.2380032806
36 498.558668151 -11.1441098728
37 404.621704778 -9.64944485477
38 474.99928677 -11.0247702143
39 497.042204227 -11.5921131821
40 487.414807038 -11.1943947145
41 602.299909365 -13.5734909576
42 476.269948506 -10.6908870174
43 448.419828896 -10.3458288162
44 455.737351718 -10.1375208971
45 528.68760143 -12.2821448636
46 452.392584585 -10.303018519
47 455.688944377 -10.0482007279
48 430.368132992 -9.58372335477
49 417.407363758 -9.95257699836
50 472.812724678 -10.7844829182
51 494.306983958 -11.4528989665
52 484.148253213 -11.5227632649
53 546.710624894 -12.5631028594
54 465.185484317 -11.1537658937
55 428.004565671 -10.2234452539
56 438.77073294 -10.3196217085
57 526.588822006 -11.6248597085
58 441.117863988 -9.85440019856
59 465.610703122 -11.0137542942
60 521.792091142 -12.0825464075
61 471.19878932 -11.3609462568
62 530.055110191 -11.9122810946
63 486.528046326 -10.4050492886
