0 519.137328048 -12.0909012392
1 619.839264892 -15.6952816867
2 548.06202277 -12.7663904831
3 489.731234509 -11.3364713325
4 585.154652901 -13.5113547334
5 491.950006057 -11.6170130942
6 509.078743028 -12.0215475848
7 582.788340501 -13.7984948375
8 540.126431517 -12.3010241501
9 494.077647157 -10.8588264648
10 539.174111222 -12.0982281495
11 522.273215669 -12.2645276907
12 564.273011934 -12.7204845348
13 517.98987989 -11.4431009771
14 504.188455178 -11.494181054
15 488.532126315 -11.394009673
16 504.437647407 -12.1297703942
17 548.418369724 -12.9275944713
18 525.734825506 -11.4585987504
19 527.100158123 -11.9012044395
20 488.281832319 -11.0893223486
21 477.855444751 -11.2295105251
22 538.014111728 -12.2185570518
23 498.771678167 -11.513991273
24 487.300838974 -11.1463067674
25 516.552592893 -12.2165794384
26 554.709817377 -11.675561077
27 527.312809107 -11.3019095138
28 504.148513882 -11.3675392338
29 532.039262968 -12.0420759848
30 641.439506518 -13.509706655
31 495.471413136 -11.2401105442
32 470.944033323 -11.2035802394
33 542.421424208 -12.2110067982
34 614.31179802 -13.2325410973
35 632.889922963 -13.8323079895
36 562.803262516 -12.9760206517
37 584.070134653 -13.5171138342
38 559.292603067 -13.0007351856
39 534.131902586 -12.2712361532
40 496.792822394 -12.0897496685
41 478.496667009 -10.9083072759
42 540.71650191 -12.3072787007
43 500.372599561 -11.7879510807
44 515.60487307 -11.4888698646
45 506.731944775 -11.8994860348
46 648.812465962 -14.437274535
47 535.004102788 -12.2399868804
48 551.879592435 -11.9969951232
49 557.867454502 -12.9208674008
50 587.01881515 -13.4854684184
51 560.714373873 -12.8571147278
52 570.607517589 -13.3013353156
53 537.391941018 -12.4891613835
54 512.356208388 -11.8113470529
55 530.67797314 -11.9500159066
56 560.044230964 -12.538007239
57 607.746340701 -14.2397293038
58 627.067220065 -13.8420435376
59 561.522649728 -12.985017259
60 523.804650566 -12.189536081
61 523.676646268 -11.8507445286
62 555.305625256 -12.6146805064
63 496.19060309 -11.2813595849
