0 486.381214397 -11.3132337509
1 546.408202855 -14.2084054318
2 526.628161969 -12.2378174297
3 463.092464307 -11.2566986429
4 494.160582955 -11.4030940855
5 476.342120396 -11.4960966262
6 477.687817587 -11.3571572845
7 462.455668014 -11.4840762483
8 462.611443316 -10.5705729182
9 492.125208657 -11.2475258436
10 473.701410009 -11.2779334616
11 458.232727053 -10.8085483285
12 520.938266227 -12.1669618792
13 473.849573945 -11.3609967937
14 477.932863994 -11.4068857161
15 504.529882924 -11.6764432337
16 464.322019019 -11.2127893632
17 478.558762465 -11.0891123967
18 525.77006275 -11.8421285551
19 437.654937274 -10.4078780327
20 444.390352204 -10.9374609085
21 480.420675956 -11.3330567093
22 435.459921724 -10.100211457
23 465.52467242 -11.3951857814
24 459.502469408 -10.2486554427
25 486.421287339 -11.2010963325
26 536.266237113 -12.8550001174
27 491.422261715 -11.6097984909
28 520.103044243 -11.6737039387
29 473.340547708 -10.8250760323
30 484.443356304 -11.2263913342
31 556.028823388 -12.418437172
32 498.606284797 -11.7301107077
33 461.164999315 -10.891935847
34 535.566834465 -12.1735691741
35 457.592037788 -10.7786894386
36 499.185382314 -11.7678449393
37 489.66015239 -11.6599243456
38 450.504387054 -10.7705677443
39 421.515019488 -10.0643976247
40 490.353516569 -11.5201441159
41 559.859881278 -13.0860495392
42 431.720373227 -9.71869683135
43 451.958408994 -10.919431125
44 492.343017943 -11.1866352426
45 502.266239734 -11.9721582131
46 525.860708754 -11.5414755458
47 480.465462474 -11.3709773275
48 532.054368849 -12.1939264954
49 504.846518138 -11.8978774265
50 507.405405674 -11.912123703
51 477.509630308 -11.5337032551
52 554.334061687 -12.7085612066
53 471.571854186 -11.2213567128
54 491.623985559 -11.8754692728
55 533.161220649 -12.5589036421
56 464.990188841 -10.9922583849
57 476.531422429 -10.9355676953
58 464.110337214 -10.389891785
59 498.318777143 -11.6783465147
60 504.937161537 -11.4315350704
61 491.400838591 -11.6555926858
62 474.158639304 -11.1249924684
63 523.368237837 -11.7171504314
