0 464.192931896 -9.60882000248
1 465.738974824 -11.6482963835
2 493.799022306 -10.665443327
3 504.108174277 -10.8363254657
4 477.35453291 -10.1217505886
5 489.19179392 -10.4549651664
6 443.531539036 -9.59918773341
7 449.28108056 -9.82421364063
8 443.105496414 -9.15326109818
9 416.542206418 -8.65533530495
10 447.014789802 -9.22234099097
11 469.867187961 -9.86798528392
12 484.204275983 -10.6908438189
13 458.447737673 -10.1245845039
14 442.303955769 -9.38270888333
15 461.055629089 -9.63931768236
16 454.305462323 -9.55512248744
17 432.976367259 -9.4827526635
18 494.632451053 -10.0170482833
19 461.178512769 -9.87041474534
20 511.227131437 -10.8771791539
21 454.84801595 -9.95481543858
22 506.323857239 -10.8385529831
23 437.551801734 -9.48346527023
24 451.259850224 -9.71417984249
25 452.031223125 -9.60250197659
26 457.691267599 -9.85819546692
27 437.894241002 -9.00338054156
28 424.085754027 -9.21484340462
29 405.733650048 -8.60573468035
30 424.679843013 -8.58214472133
31 496.481565548 -10.7792379527
32 445.234869666 -9.73709185653
33 432.56199143 -9.17454310305
34 431.358654907 -9.18376408048
35 434.526904835 -9.17947614742
36 468.82493455 -9.77536076647
37 479.979811973 -10.0684801128
38 420.383784879 -9.30556980817
39 378.472952576 -8.57855468044
40 438.626842574 -9.42099123543
41 425.202061385 -9.07787587427
42 515.88904955 -10.8271582537
43 410.850105815 -8.70935411722
44 422.32616392 -8.90979099812
45 508.093283598 -11.2622615905
46 370.514588023 -8.0056168195
47 455.789190657 -10.0020497858
48 439.507588186 -9.32638884232
49 471.441255783 -10.2711029497
50 449.991341086 -9.22533457504
51 437.167591316 -8.85612384168
52 469.424034796 -10.0721469931
53 453.790233599 -9.64464406515
54 510.282301648 -10.8737880815
55 490.334323486 -10.2563680753
56 416.864000065 -8.69813384263
57 506.342236438 -10.927069641
58 461.712723443 -9.85008379012
59 379.578164868 -8.32164724538
60 433.44199032 -9.1658159331
61 440.360004954 -9.27593806614
62 432.820425746 -9.07759235088
63 413.130522106 -8.52966471256
