0 511.345181434 -12.9257864002
1 555.018538083 -15.5913976733
2 528.956049015 -13.9643405302
3 553.354172449 -14.910082996
4 477.811640066 -13.2337107527
5 658.738424545 -18.1639984575
6 448.554455933 -11.8116628241
7 504.391487195 -13.1531316652
8 535.110085894 -14.4516686738
9 493.433996296 -13.1163003668
10 503.427921235 -13.6828003639
11 505.000028516 -13.3226259205
12 543.095515174 -14.5615284754
13 518.612445654 -14.0947028256
14 528.030555154 -14.1292227326
15 513.485521817 -13.6117808765
16 520.505832487 -13.5518089497
17 467.68897506 -12.4292440424
18 586.861743252 -15.4673606995
19 552.300210058 -14.8569604783
20 508.340328369 -13.8260294923
21 542.316514727 -14.1844165104
22 475.987286151 -12.4213707379
23 540.654664417 -14.2995715178
24 499.019419164 -12.8254885198
25 521.910291325 -13.7457577458
26 500.262708645 -13.2583004391
27 522.093555901 -14.1667727082
28 519.233429846 -13.9693748122
29 564.490485108 -14.598459239
30 529.15505874 -14.123454852
31 529.141909995 -14.0061771635
32 466.863258744 -12.2790643771
33 483.356444704 -13.2720728539
34 472.11170282 -12.2423836699
35 519.568799857 -13.9461940866
36 480.407832039 -12.3602518448
37 548.017107642 -14.5029846157
38 537.417230681 -14.1106311434
39 541.905416444 -14.2923249239
40 541.296097405 -13.8753975662
41 524.812392299 -13.6844014974
42 494.187166198 -13.0773552615
43 500.358484593 -13.1857741243
44 510.194005033 -13.7645916307
45 504.835820778 -13.5756216094
46 499.136300442 -13.1954150374
47 525.518153066 -14.0685240096
48 488.225468456 -13.1212118291
49 463.55691137 -12.6456929133
50 424.662296344 -11.1411771986
51 466.519493889 -12.5498335495
52 486.239461754 -13.2225375522
53 534.470374436 -14.2811717251
54 437.03057041 -11.4454383224
55 494.18683913 -13.4685317905
56 577.284658349 -14.631049268
57 482.479515255 -13.0378850201
58 511.074944091 -13.0049366338
59 510.745843808 -13.9905041105
60 434.360361489 -11.6463056486
61 502.550601011 -13.6961100304
62 464.434234882 -12.4509977336
63 489.265690783 -13.1167744585
