0 421.910809406 -10.3307877048
1 493.54281722 -13.0617063199
2 417.400547476 -9.64953583594
3 506.43699365 -12.8122170904
4 434.557375279 -10.6567755225
5 489.118462528 -11.5294831113
6 484.069873522 -11.4004217766
7 507.449417795 -12.3230096358
8 453.867118745 -11.3652319836
9 456.944802158 -11.4486013955
10 466.013934286 -11.4978519358
11 429.61006849 -11.1557662086
12 440.788410592 -11.123487383
13 476.786968121 -11.219201216
14 432.214696599 -10.4810334345
15 480.238636476 -12.108170034
16 476.152925684 -11.5818768975
17 432.522871766 -10.6433770859
18 477.54429981 -11.7013549478
19 483.60932785 -10.9732209381
20 465.817368897 -11.6755660664
21 460.840602667 -11.0869927893
22 427.808076382 -10.5203381994
23 402.034150714 -10.32171388
24 518.72820165 -12.9404193539
25 471.036812168 -12.202218242
26 526.826067614 -12.2946886549
27 399.440361518 -10.0520822746
28 406.733632724 -9.88877221959
29 443.558342584 -11.0682267725
30 446.303895674 -10.6889401331
31 397.55821861 -9.79836921907
32 493.973618157 -11.5170927126
33 454.388222462 -11.203176357
34 505.197773282 -12.0358883843
35 500.122148614 -12.5906643531
36 612.095285923 -13.8574512474
37 521.712694691 -12.5236269009
38 483.105741965 -11.149165466
39 473.019002642 -11.5614983898
40 520.997499648 -12.3951113032
41 474.66332735 -11.3977229604
42 461.275776034 -11.4556032942
43 388.835771077 -10.0116838435
44 445.766894804 -10.4346077453
45 529.887830394 -13.479821863
46 493.309551325 -11.2442298092
47 475.404106315 -11.2965589831
48 421.076035216 -10.6766207991
49 492.505239108 -12.1114676967
50 445.721617328 -10.9565055594
51 451.770368016 -10.6516031803
52 458.746901168 -10.5526582761
53 453.398553656 -11.4547957728
54 463.193901835 -11.3994201657
55 463.422549002 -11.6060642517
56 494.560637196 -11.95388273
57 427.982959097 -10.8078052716
58 474.131357599 -11.5686785506
59 489.985349909 -11.9719084999
60 485.438658281 -11.9310771956
61 515.457407551 -12.2085289545
62 400.138816957 -9.63109210964
63 419.247782569 -9.78518350825
