0 504.266536436 -12.5560098855
1 533.026668484 -14.3445975072
2 516.820139147 -12.7729034761
3 469.001326559 -11.6903356717
4 568.879963259 -13.884208712
5 540.675160539 -13.4884233912
6 573.088576948 -14.2928606704
7 501.069119406 -12.6626184217
8 517.628113921 -12.7786571338
9 501.105414532 -12.3033711564
10 511.485746206 -12.870460088
11 588.719183013 -14.4888345303
12 499.84192357 -12.9015028257
13 569.624558494 -14.2094996309
14 483.055303443 -12.2181533089
15 488.901121374 -12.3542446876
16 509.595501946 -12.3644695303
17 411.250972856 -5.99973370839
18 582.402994609 -14.1761628015
19 432.04920619 -10.7697314997
20 435.971693195 -11.079297915
21 482.968541998 -12.2394401727
22 508.554917554 -12.5171163555
23 512.012786208 -12.6034431868
24 482.136329564 -11.9472978379
25 457.881910601 -11.3064758152
26 442.524006493 -10.9510512891
27 478.669466074 -11.6253372857
28 490.363172981 -11.6072277342
29 533.341622761 -13.1575510751
30 503.353813734 -12.6264234868
31 472.16808897 -11.8658003674
32 558.058266574 -13.3822413313
33 514.267699453 -12.7237243795
34 606.032091718 -14.7478712683
35 498.284159819 -12.4078075272
36 505.743104945 -12.0195490001
37 508.298936139 -4.42785036562
38 537.465598751 -13.3007043616
39 453.123971602 -11.2530689967
40 492.875331143 -12.1924459344
41 521.868410878 -12.9551969885
42 483.331154235 -11.8813601644
43 510.056323965 -12.8200355155
44 454.574526845 -10.9977550626
45 526.658524758 -13.0707301628
46 552.319280276 -13.2951195814
47 462.96061015 -11.46464412
48 552.718422461 -13.433051455
49 430.151853769 -10.9027152147
50 504.265928689 -12.5910495693
51 526.416917171 -13.082748643
52 468.534877876 -11.3931083258
53 560.595663553 -13.8077984438
54 483.517419383 -12.236256494
55 440.709047493 -11.0181443345
56 508.416271603 -12.2661766173
57 563.486833199 -13.9577708531
58 569.692734941 -13.5422893882
59 567.01887144 -13.7349366672
60 430.975538962 -10.7278770524
61 515.851004482 -12.7735725031
62 575.959010153 -14.1810062857
63 518.119771578 -12.6091492453
