0 447.519889217 -10.2257577417
1 579.092142118 -15.1233362866
2 421.954745401 -9.72321433309
3 463.07738942 -10.993101608
4 498.995572378 -11.4850308389
5 502.950466396 -11.702098226
6 529.384867906 -11.875943718
7 495.836682762 -11.4586715872
8 411.371738877 -9.51523993953
9 448.208618826 -10.3957987222
10 470.638092424 -10.8454981339
11 543.442069906 -12.3580899158
12 440.659535517 -10.3235929343
13 454.549732803 -10.3861132343
14 480.237150201 -11.0468950013
15 373.953585924 -8.93616782636
16 408.450428803 -9.33122846656
17 493.679838466 -11.6149797935
18 508.503612264 -11.6770470915
19 452.82322162 -10.4935584651
20 477.098242527 -11.3345485965
21 458.995735011 -10.4149244304
22 526.63504618 -11.6749606837
23 521.941926872 -11.5016128663
24 511.575569937 -11.8503521862
25 441.650480555 -10.5594879482
26 433.59624595 -9.85356238124
27 379.500918027 -8.79611458457
28 464.75431383 -10.6954691341
29 536.883686681 -12.0115394053
30 404.057100781 -9.1648466768
31 417.716867492 -9.685758393
32 476.304778692 -11.1026467165
33 493.762897593 -11.3995429673
34 479.672144397 -10.7878287499
35 464.848503541 -10.4651319547
36 465.175857133 -10.6371735788
37 481.123011964 -11.265294136
38 416.200671267 -9.54099430764
39 457.76636387 -10.4260219663
40 410.035352102 -9.17241694198
41 461.489183429 -10.4029869592
42 473.915341915 -11.0586450604
43 467.138679826 -10.5177952
44 471.422503563 -10.7316741781
45 440.525189113 -10.0602788979
46 520.684755628 -11.8185917945
47 436.653919895 -10.1638753364
48 482.446604843 -10.7108040315
49 515.115431995 -11.711002753
50 529.027761002 -11.8166367343
51 420.503974584 -9.64204318399
52 518.124584725 -11.3768734856
53 601.54172487 -14.1577490745
54 440.228362287 -9.92089485787
55 434.502571416 -9.86900448956
56 406.479500472 -9.68967427323
57 477.708641349 -11.1231927107
58 502.667990155 -11.3449553249
59 456.642071069 -10.3590368778
60 455.470204739 -10.5652958906
61 453.790656664 -10.3753902149
62 461.266184468 -10.4940162873
63 508.06859196 -11.4791066454
