0 581.442370925 -15.1363902813
1 648.268706574 -18.589069389
2 527.543291624 -13.7021810369
3 560.37129774 -14.9987916801
4 567.666164147 -14.6984275665
5 494.472114145 -13.403198965
6 618.716108031 -16.539800754
7 563.037234692 -14.8705382233
8 548.985125037 -14.3790342832
9 520.508002224 -13.4001937149
10 478.742953218 -12.8857055404
11 489.847044824 -13.2295915168
12 473.51956695 -13.1948298549
13 528.586946494 -14.2952971801
14 588.13282326 -15.0664007161
15 547.225230631 -14.5139618784
16 491.221994499 -13.1593478997
17 579.249158324 -15.0715616836
18 575.002750925 -14.308471548
19 622.474792642 -16.1358319311
20 552.133900573 -14.3490468061
21 536.375340483 -13.8970456462
22 584.58686508 -15.5151871416
23 515.622671902 -13.7231621037
24 467.417560353 -12.5731131723
25 461.842273526 -12.3404063384
26 555.533847281 -14.2795807202
27 459.703617489 -12.4927508732
28 524.345844683 -13.5263034532
29 454.185046646 -12.3040778965
30 584.10445837 -15.1454984383
31 521.225360799 -13.8744577456
32 496.995783513 -12.9821935973
33 553.029418014 -14.7487723697
34 514.076574211 -13.2335072936
35 524.169177421 -13.6601899023
36 613.214142188 -15.7601176739
37 551.495261837 -14.1241166026
38 539.214645702 -14.3338393264
39 520.960741455 -13.8417512961
40 458.472360041 -12.533401688
41 550.50952529 -14.4563264432
42 498.53659722 -12.6905379586
43 466.417441466 -12.4497042851
44 491.092066649 -13.1244478481
45 505.548795493 -13.1540820556
46 506.913486896 -13.2577766905
47 475.988636447 -13.0254562361
48 518.444613853 -13.4352439069
49 547.524111407 -14.595050473
50 513.158546063 -13.414067162
51 548.584949052 -14.3738611492
52 488.984561878 -12.8880625154
53 555.328247342 -14.7578872037
54 542.214389996 -13.8139823341
55 521.781403624 -13.9215738537
56 528.125099935 -13.9759037092
57 567.160705626 -15.1487148962
58 568.700055473 -14.9123552156
59 571.932318419 -14.5966104811
60 586.685439889 -15.2992197026
61 592.659492763 -15.3067093156
62 552.845734333 -14.7518615554
63 574.650243885 -14.6336919651
