0 526.638447142 -11.687240915
1 586.634046136 -13.8435878771
2 488.351597773 -10.5801300119
3 526.480297651 -11.2294022811
4 599.503172331 -11.6562912724
5 447.452316851 -9.81566355256
6 511.509934677 -10.8803585092
7 569.062251898 -12.4696739564
8 513.070934316 -11.4476326756
9 677.134541318 -14.3489883973
10 551.862272799 -11.8113918961
11 634.363245473 -12.9968399748
12 507.019948158 -11.2856475739
13 490.4466904 -10.6619660957
14 464.988747242 -9.84175544651
15 606.471198049 -12.6288181696
16 564.818669239 -11.7701501916
17 517.532299611 -11.484259963
18 550.254398873 -11.4484235252
19 487.929913095 -10.8056744387
20 467.496269819 -9.81715311174
21 568.262556261 -12.1748018333
22 575.546146848 -12.099603797
23 563.883896223 -12.3029327733
24 514.930136108 -11.0220065377
25 606.014763607 -12.6646390806
26 583.993277912 -12.2848851246
27 463.954345772 -10.0208611462
28 528.966273554 -10.877551962
29 543.824812913 -11.6163069431
30 522.743581875 -11.3956499456
31 508.106152283 -10.8536974112
32 500.783734035 -10.5750952441
33 530.886768091 -11.4686704008
34 575.200166446 -12.1879212704
35 468.980808376 -9.98348337585
36 570.514799706 -11.7251621975
37 501.00341006 -11.1542907447
38 508.422996524 -11.4360158133
39 530.157500873 -11.3664974952
40 555.878201279 -11.4797011686
41 481.634213511 -10.6344807803
42 499.854702185 -10.5526713336
43 524.619871337 -10.9429837329
44 527.552851338 -11.1579384253
45 523.840390837 -11.3359051425
46 487.200985876 -10.4803156681
47 537.152262678 -11.3426364145
48 458.556278206 -9.86276045372
49 553.709165919 -11.9052184597
50 513.309438718 -10.835592212
51 538.541977683 -11.3611772756
52 571.509165512 -11.9124012058
53 469.772985852 -9.99008369667
54 551.306707604 -11.5725301564
55 514.563767523 -11.0473042043
56 495.34918292 -10.5530490296
57 430.796574324 -9.43163116327
58 488.990869048 -10.4995440013
59 563.319869561 -12.1713988676
60 442.764913863 -9.47157183123
61 463.618717702 -10.1451074018
62 484.032204923 -10.7150563935
63 572.707978277 -12.025189268
