0 595.092916459 -12.5115835098
1 614.935238559 -13.5671922936
2 694.52882119 -13.373771315
3 665.40419034 -13.3833211667
4 712.010113183 -15.5468720844
5 600.189464749 -12.9885973793
6 487.761694304 -9.94804180907
7 611.172456021 -12.2480837069
8 693.860750271 -13.5788180944
9 663.60680991 -13.093155385
10 776.970216736 -14.0351321726
11 716.041348552 -13.9902664862
12 576.463693859 -12.2832672746
13 579.790669168 -11.5814298108
14 687.432577758 -12.7461135167
15 574.774428689 -12.0828890062
16 625.909163275 -12.9302753843
17 638.323225841 -12.1541928924
18 632.093245602 -12.9558059443
19 559.070724562 -11.1747036593
20 573.391962239 -12.2124135407
21 774.133797815 -16.0964372243
22 636.951845216 -12.9164179337
23 560.924919962 -11.0797954387
24 624.245236335 -12.7156719537
25 649.716344165 -12.9530969659
26 604.952033348 -13.0912682158
27 702.498158968 -13.7328158791
28 582.577532249 -11.2864510081
29 693.999140797 -14.5014210609
30 731.829233653 -14.6348826006
31 617.173329498 -13.2407417555
32 733.21563708 -14.7778141926
33 593.056058249 -12.2859932853
34 623.575536505 -12.6951065875
35 714.751423162 -13.477741691
36 697.499291476 -13.8683022546
37 694.107099465 -12.8537066493
38 552.116977635 -11.0788785448
39 731.146013922 -14.9508393844
40 647.60052954 -12.3615260267
41 539.706561628 -10.2403126472
42 694.156911107 -14.3332440666
43 610.290016098 -12.5693538378
44 694.498722775 -14.1325898996
45 666.31108857 -13.3138687993
46 669.374277748 -13.9088249797
47 639.708067915 -12.3777304778
48 603.50122896 -12.4167398956
49 630.423077555 -11.6312721907
50 674.600280049 -13.6395653041
51 560.013740264 -11.2533144593
52 778.187674114 -15.4591593662
53 660.399057781 -13.3458278569
54 786.480606758 -15.0351307226
55 551.237501103 -11.7044788504
56 682.611367508 -13.7635308151
57 692.706627324 -13.4550399555
58 597.346800558 -12.5880268404
59 523.682951052 -10.0295652133
60 648.648302682 -13.1421036974
61 644.206465874 -12.6118910065
62 697.340008372 -13.4136907154
63 677.962491672 -12.9600891926
