0 439.662083648 -12.4711212806
1 471.643911711 -14.763098714
2 485.033289818 -13.9186033098
3 407.960655658 -11.5927674219
4 460.89635682 -12.8391782799
5 476.527782197 -13.5953906098
6 400.006365114 -10.954361485
7 455.376289327 -13.2138558803
8 475.101649428 -13.2016278182
9 454.515489821 -12.6021330372
10 458.079297499 -13.0324788807
11 507.030498447 -14.8343143323
12 470.799891751 -13.7347383665
13 472.898315272 -13.3592381273
14 449.093458234 -12.8870703308
15 513.218301775 -13.8736500486
16 496.315517674 -14.1857014755
17 443.988137929 -12.8940520622
18 463.460085023 -12.7964929518
19 459.123916257 -13.2532528072
20 391.901140247 -11.6749568644
21 406.319749892 -12.1090626969
22 466.241637463 -13.757356352
23 431.558664876 -11.9333625036
24 501.071823781 -13.9658363419
25 454.428589524 -13.2058805231
26 412.495685697 -11.809522948
27 496.852326312 -14.1417144424
28 418.292429264 -11.8015423019
29 439.540540342 -12.7532452617
30 424.874501582 -12.0812726116
31 428.113479469 -12.1062272609
32 422.796700339 -12.1357194511
33 434.428877009 -12.3970358775
34 530.593908823 -15.0653632668
35 461.492718478 -12.756303727
36 485.288158916 -13.8664588497
37 513.717015779 -14.8306468562
38 449.856735662 -12.4944331095
39 421.320338521 -12.0625357375
40 365.829041002 -10.684659335
41 463.96050053 -13.620598178
42 448.062899185 -12.3625600301
43 484.447988904 -13.6343400625
44 389.402286848 -11.1198426095
45 463.826628772 -13.6959088232
46 456.6642123 -12.7950693135
47 483.889467315 -13.6118182347
48 421.766869756 -11.7529237543
49 495.868730973 -13.9958347709
50 389.026766885 -11.1973231851
51 445.125710747 -12.8316122713
52 486.46977942 -13.3866354742
53 451.800798374 -12.6625051322
54 438.51199623 -11.9733267559
55 433.688108068 -12.7077726992
56 470.13630109 -12.8904948171
57 558.064877644 -15.2681385802
58 473.613120144 -13.164477057
59 390.53169734 -11.2521899302
60 408.079470629 -12.0126274383
61 432.301874961 -11.6655950126
62 449.148409989 -12.3500435233
63 423.642384474 -12.377586257
