0 616.011624157 -14.5353557171
1 579.289436327 -14.6769573801
2 594.769828037 -13.9810935409
3 502.870444038 -12.1707453497
4 593.484609721 -13.5295868916
5 548.678365331 -12.9659246003
6 597.239973558 -13.8571188587
7 574.499888632 -13.5519267781
8 560.917711861 -13.166077269
9 610.622493149 -14.1661748844
10 590.76904918 -13.0137293777
11 544.553178431 -12.1919499445
12 533.119214951 -12.8487379115
13 562.003665407 -12.8021345838
14 641.824123109 -14.9431736321
15 550.57214788 -12.7084936552
16 571.756901376 -13.4323867512
17 520.429580869 -11.4370335193
18 555.533976085 -12.0400903608
19 577.293197419 -13.6592841066
20 617.576348239 -14.5044870726
21 587.290101079 -13.5878597552
22 623.319900711 -13.7369854997
23 572.614120938 -13.0177469608
24 574.385484891 -13.4264821202
25 561.59224676 -12.4748254453
26 701.859154657 -14.9695033325
27 573.511668286 -13.4770110231
28 602.592827182 -13.2621027445
29 617.023272385 -13.899509504
30 629.02686678 -14.0750012672
31 641.596605038 -14.0243232957
32 530.245449741 -12.320488812
33 661.670476351 -14.9506317924
34 638.992614704 -13.861367231
35 579.247419938 -12.8218292037
36 607.01566524 -13.7804645872
37 591.025310547 -13.5932071262
38 527.730974672 -11.7454346419
39 706.323819088 -15.9935560036
40 582.334282849 -13.8632828171
41 498.511812274 -11.7985810237
42 536.013495447 -12.7827432125
43 622.856526044 -13.7300361901
44 675.812452093 -14.890003064
45 690.956365325 -15.0844469939
46 681.014047053 -15.1482527682
47 609.643972582 -14.6928446876
48 686.784394209 -14.1024313986
49 701.797275193 -16.2957554153
50 622.732838407 -13.821001795
51 547.000332086 -12.0780005316
52 646.891248872 -14.1978990667
53 575.790038736 -13.1978137641
54 581.201891107 -12.4427299795
55 586.241367634 -14.0563660212
56 573.806502367 -12.509987685
57 637.615577037 -14.7917163562
58 600.531102345 -13.6618645069
59 603.055159049 -13.4281008806
60 640.980907222 -14.659142253
61 626.00985546 -14.6477036306
62 628.135201539 -14.3129547208
63 544.909262232 -12.1801305761
