0 429.378001307 -8.92708904602
1 417.239969611 -9.10412193019
2 487.483581468 -8.93805970377
3 511.901793159 -10.1585104614
4 497.731041546 -9.35361638599
5 493.869333201 -9.60895515759
6 489.75640533 -9.04798379785
7 508.743777332 -8.9217516025
8 508.598847594 -10.1531004945
9 476.402967385 -8.34491384396
10 479.621702523 -9.74735057506
11 453.682706984 -8.99028474369
12 411.036826989 -8.35782211926
13 503.247119664 -9.62435542534
14 527.859984715 -9.07879463472
15 470.567511584 -9.5906679164
16 550.694582433 -10.1712379987
17 531.289584057 -9.79898751491
18 441.749958012 -8.46652047687
19 437.802883993 -7.85609887467
20 556.536207134 -9.99800353617
21 490.341852816 -7.98572216642
22 553.355614371 -9.01813490209
23 456.760741095 -8.07198566299
24 478.167737524 -8.90437846795
25 484.37762653 -9.14338776542
26 585.174561752 -9.08816648982
27 547.792836504 -10.1078177443
28 431.187496357 -8.46717007316
29 485.469532732 -8.85134955573
30 549.795890841 -10.4940688588
31 535.263546599 -9.53105543747
32 452.156616527 -8.65876313207
33 578.575730792 -10.9665514158
34 499.820477082 -8.22249374424
35 502.412033422 -9.92740587411
36 477.446330394 -9.47489115198
37 522.072068124 -9.82254413047
38 483.17869455 -7.19647752325
39 515.383552737 -9.70608875314
40 432.525348982 -8.35095750186
41 481.523351344 -8.75765191024
42 464.089690739 -9.15412354498
43 615.781038277 -11.2732364928
44 536.032501366 -10.444231883
45 469.904827825 -8.8943112875
46 549.164827688 -10.2975098798
47 536.812179183 -8.70655759381
48 448.67345286 -8.6081027986
49 425.559059717 -8.00139818443
50 452.576986057 -9.04713914323
51 565.765944035 -9.92180261328
52 426.500462862 -8.56475464806
53 489.74218854 -8.63593254227
54 432.3462685 -8.35248734948
55 401.040154247 -7.33700942188
56 559.781345169 -10.2064010333
57 423.251799015 -8.44412867658
58 551.960114116 -10.7269097099
59 529.095789449 -9.77304818224
60 485.500612054 -9.69586663162
61 463.056269963 -8.97396911615
62 450.419999881 -8.64493010408
63 422.593444876 -7.83904756169
