0 468.115444322 -10.5926986016
1 538.522499952 -13.5143646965
2 546.583265725 -12.7857995214
3 473.593576442 -10.9198826504
4 520.780325298 -11.8284884584
5 544.516820271 -12.4390409916
6 440.690262154 -10.2893940934
7 500.88219685 -11.8154704033
8 465.463255401 -10.8547632596
9 563.933328598 -13.0098204756
10 577.018178744 -12.9058583209
11 522.178797248 -11.7578134502
12 512.548655368 -11.9406338745
13 547.319432209 -12.577774969
14 485.177894078 -11.1459042938
15 538.012598477 -12.4747344067
16 539.546171013 -12.4172974508
17 545.256289151 -12.3067173152
18 503.394884078 -11.6507257238
19 525.758831305 -11.8389031955
20 497.602825534 -11.4730960209
21 579.275714629 -13.3898644157
22 540.110415956 -11.9858324671
23 510.943668763 -11.7905162334
24 488.220139359 -11.2749768404
25 536.473687849 -12.2338788573
26 553.200415042 -12.1742054255
27 618.586368993 -14.0096709015
28 527.091674631 -11.9076225452
29 513.601535125 -11.619098866
30 531.581964971 -11.9883820118
31 464.355030582 -10.8960305928
32 538.385477074 -12.0550834136
33 485.51390916 -11.4458659921
34 489.635049504 -10.9175263866
35 645.134948263 -14.2449357931
36 603.136753129 -13.5506857365
37 639.550815462 -14.51699887
38 526.874666411 -11.865360957
39 567.017906296 -13.1135935315
40 567.592743279 -12.5344475109
41 504.364095511 -11.0782211827
42 532.726629548 -12.2009378361
43 480.737143325 -11.0264127067
44 558.014824809 -12.5604467859
45 501.512989326 -11.5827488743
46 557.074360794 -12.7278759861
47 532.591859068 -12.3102066338
48 554.357267711 -12.7918070767
49 579.623189801 -13.3381897043
50 566.618142262 -12.7455843978
51 520.3559459 -11.8556355884
52 559.031554528 -12.7252399784
53 464.286011974 -10.9094766722
54 561.745526821 -12.6411144471
55 525.863855919 -12.0254878846
56 553.786093288 -12.4478137477
57 455.688015258 -10.6341986338
58 526.371061358 -11.8389589537
59 518.7683459 -11.791354642
60 511.900235103 -11.7607913371
61 555.57357912 -12.6086476847
62 512.247297152 -11.8610262632
63 485.626812062 -10.7256611798
