0 363.545530901 -7.0724348127
1 351.504818778 -7.05297545315
2 359.820085234 -7.18126315828
3 352.285552208 -7.04955165943
4 357.762495197 -7.09223019473
5 340.798625002 -6.89615723749
6 355.150500323 -7.03730599169
7 361.462237752 -7.27298488676
8 424.280729828 -7.89410401879
9 369.296386553 -7.15078826927
10 389.352892132 -7.83611800204
11 374.536973842 -7.64514247453
12 382.236557953 -7.73884836398
13 401.485767813 -8.37719000141
14 369.064205577 -7.13027409368
15 344.834695381 -7.04029313221
16 349.565527629 -6.98111172734
17 355.809289425 -6.89439276323
18 386.76697032 -7.70882911196
19 377.591655888 -7.69618174177
20 379.929601942 -7.79301120198
21 399.250646586 -7.85648953859
22 388.05816624 -7.85704162703
23 296.298937001 -5.91021969171
24 364.793193657 -7.11035818899
25 340.011858229 -6.62433533889
26 362.025185489 -7.03153537842
27 348.253424646 -6.77391553888
28 389.647102145 -7.80048881943
29 360.545300009 -7.24267341577
30 424.701305441 -8.11997972988
31 362.655667622 -7.08219619911
32 364.110001086 -7.22767596474
33 358.674678588 -6.85659837359
34 381.468176905 -7.54089921383
35 355.588901624 -7.17876181232
36 345.020596179 -6.55411907021
37 358.926126085 -7.25633557706
38 331.438400665 -6.61143576173
39 399.662962419 -7.75138191172
40 350.737802286 -6.92043472867
41 364.672774116 -6.87955918019
42 385.130654166 -7.68781517734
43 345.547808351 -6.66593653043
44 398.826637593 -7.77089944154
45 337.940419724 -7.0198764323
46 366.082012729 -7.03334571965
47 309.419112614 -6.25704645445
48 347.523293854 -7.12620128391
49 373.54974003 -6.76238984807
50 329.039037583 -6.43190925836
51 393.438766118 -7.79568842085
52 408.883024049 -7.59511974387
53 361.020060527 -7.16543598465
54 332.342973822 -6.24727865974
55 392.130342923 -7.89000783541
56 414.689985233 -8.28784280179
57 338.118705822 -6.69091590623
58 373.674962803 -7.19863582718
59 380.64924342 -7.29651427987
60 393.101943077 -7.74555662562
61 375.936768892 -7.5316286486
62 376.153637977 -7.39910057625
63 382.224913407 -7.58020822111
