0 474.934909441 -10.2034017852
1 411.616820088 -9.88358072588
2 491.142272366 -10.5132397869
3 485.89935979 -10.3213485357
4 554.853049331 -11.9533564985
5 516.069542709 -11.0793626744
6 471.981368098 -9.92596782959
7 442.41123403 -9.78201075536
8 498.682116451 -10.6459496392
9 536.945045976 -11.316978088
10 443.926934566 -9.38322174579
11 488.948233116 -10.3846220346
12 532.11333836 -11.8491412673
13 561.188426415 -11.7496703444
14 600.215438217 -12.9616725071
15 566.027742824 -11.9326429819
16 462.278192624 -9.67203033157
17 424.776692521 -9.4161201328
18 491.454726082 -10.3460160152
19 469.929929614 -9.70553031754
20 482.055578109 -10.4061454854
21 462.845668643 -10.0918201685
22 444.442461337 -9.56000194756
23 472.208956058 -10.2683343385
24 464.520927348 -9.72736459376
25 498.085972141 -10.7395124887
26 466.87955721 -9.83261628153
27 469.917675109 -10.1932041725
28 533.518572308 -11.4435414309
29 432.731447029 -9.47323716809
30 502.243137125 -10.7135673376
31 479.073809062 -10.3402900783
32 480.111415536 -10.1272726268
33 451.789489759 -9.79116164956
34 517.302153807 -11.0225257279
35 509.226628612 -10.9859136415
36 557.792682962 -11.5775057607
37 520.63438907 -11.117159988
38 463.854682312 -9.91103776583
39 535.289900057 -11.4472949226
40 479.624972162 -10.221086629
41 497.800811583 -11.0559286747
42 493.931115359 -10.3751266509
43 481.572377828 -10.4074995035
44 446.764894541 -9.45533277187
45 499.849746161 -10.8234970395
46 456.501918227 -10.039565472
47 464.671446309 -9.82224033061
48 542.667103997 -11.5420534984
49 475.718617295 -10.3708054217
50 480.175454785 -10.2843952727
51 485.795149236 -10.4541765904
52 435.487774184 -9.36580459072
53 440.27710569 -9.5535699471
54 471.641505859 -10.1625835616
55 475.636762735 -10.4767516865
56 461.772490189 -9.90302697825
57 514.394884462 -11.2032966125
58 460.219782217 -9.6951657261
59 461.052997875 -9.94596012179
60 490.901114745 -10.4981885186
61 481.238282203 -10.3622627939
62 496.773514569 -10.4948583248
63 427.043766273 -9.14017193837
