0 546.495336962 -9.68607644951
1 494.233332579 -10.3269404668
2 466.509921006 -8.4880123164
3 513.441870532 -9.45926374716
4 636.90798531 -12.0852252128
5 524.044960753 -9.78519407994
6 593.617992952 -9.489531275
7 530.530309074 -10.7782333185
8 559.264021497 -9.89574789437
9 531.083939405 -9.30936866929
10 495.674522151 -9.21897966773
11 571.00517522 -11.0753269174
12 474.742032392 -9.92224482377
13 528.156030554 -9.35571016476
14 603.639690275 -11.7292849204
15 515.202198475 -9.77173328977
16 553.740273195 -10.1002318678
17 478.561082708 -9.62500293068
18 495.626372772 -9.22988317181
19 488.66917744 -9.45726332833
20 478.440265067 -9.05947661937
21 520.082457347 -9.50665005283
22 562.753836689 -10.8838775496
23 553.846613673 -9.65775884736
24 475.618637236 -8.77102598599
25 529.10152607 -10.2223067817
26 504.408815961 -9.92824063331
27 525.555002162 -10.392105178
28 538.97864116 -9.83755152843
29 542.593049985 -9.44184806779
30 507.860470342 -9.39863843336
31 485.59557512 -9.58599577458
32 575.620160852 -10.9237455333
33 589.023563569 -10.0522912241
34 581.062768878 -10.6935728594
35 583.163634112 -11.1305503476
36 443.555857501 -8.23567699173
37 539.899286886 -10.6130677112
38 510.121590722 -9.363527532
39 385.246055812 -7.8687509375
40 538.468653918 -10.3707407445
41 545.656299835 -10.2810431013
42 539.738392113 -10.6595391887
43 518.286547643 -10.1318671201
44 521.808648024 -10.0677111523
45 535.583370915 -9.96172794872
46 486.252940152 -9.17956361675
47 527.177623866 -9.867494577
48 487.895128013 -9.57536414038
49 520.393560368 -10.3304723605
50 517.974562809 -9.63034098954
51 509.665556851 -9.77233911654
52 504.28761021 -9.37673590049
53 563.636786582 -10.8851478344
54 527.940928593 -10.0319649963
55 596.062694387 -11.0973697981
56 571.301506861 -10.1561777764
57 409.823677811 -8.0380776812
58 479.957518132 -9.63515702474
59 553.83303097 -10.8039389503
60 506.735113847 -9.77098939122
61 535.296149188 -9.57053019025
62 511.618710776 -9.3935062546
63 592.995053583 -10.7613969107
