0 478.220026976 -10.1069254271
1 569.525310556 -12.0132595076
2 523.970330893 -10.7790083416
3 554.073862253 -10.844935628
4 506.836946207 -10.2373012735
5 623.733821805 -12.258587841
6 593.798033663 -11.7288256427
7 523.932586334 -10.7232260515
8 495.300765464 -9.86913455893
9 475.048886123 -9.77858997666
10 523.995440309 -10.2440126675
11 478.704920394 -9.72874269956
12 485.010013599 -10.4390700569
13 543.876238962 -11.1318934511
14 566.108980332 -11.3130975714
15 497.326596533 -10.3685573651
16 590.99669362 -11.9429749805
17 463.453327996 -8.8292336657
18 475.919026514 -9.53281090874
19 588.153917278 -11.8467042268
20 531.143231637 -11.0380891376
21 579.30799801 -11.4557052319
22 510.55740115 -10.3552028514
23 579.005952155 -11.8197886914
24 458.679515026 -9.61862904163
25 630.062838356 -13.0132657957
26 505.177277888 -9.7881471385
27 525.069787638 -11.0061753052
28 485.540812492 -10.2930474126
29 530.609489455 -11.1722908692
30 524.691090424 -10.6972488325
31 559.646408176 -11.20855597
32 621.61919449 -12.5821579945
33 450.890358972 -9.25385391683
34 484.492093422 -10.2362026019
35 477.198042356 -9.20572999084
36 566.975015664 -11.6249085784
37 528.630911983 -10.8756560494
38 530.421734897 -10.7417969375
39 545.048542234 -11.1431158662
40 513.851217109 -10.4694448368
41 517.741560611 -10.464892683
42 541.030097322 -11.1256771074
43 524.579767207 -10.8792354796
44 522.788931732 -10.4751773578
45 557.143925118 -11.6120150052
46 460.754395639 -9.64997580776
47 559.497291074 -11.3505735078
48 497.639681203 -10.308764274
49 592.407706418 -12.1604729691
50 534.989552974 -11.0378038466
51 596.053494668 -11.8578990834
52 493.689520066 -10.1796270428
53 554.4136648 -11.6916094928
54 532.67149645 -10.8878203236
55 496.703520431 -9.97385720398
56 513.151301485 -10.286299967
57 510.410066433 -10.3876789827
58 585.258903931 -12.0253519435
59 452.310150028 -9.31964530724
60 565.446452072 -11.4825281049
61 504.205517515 -9.95633224268
62 498.521851491 -9.96614548849
63 503.349326584 -10.0890541076
