0 480.425454437 -11.8109893856
1 457.635676206 -11.7399466706
2 622.231334306 -14.8078717986
3 522.774299851 -12.4900094525
4 501.755579137 -11.5806014524
5 604.315629996 -13.8244534741
6 465.198287886 -10.978972312
7 518.502768969 -12.1865297855
8 478.942106801 -11.4285313968
9 550.571583935 -12.6442186164
10 527.93064128 -12.4708110475
11 563.314372711 -13.2148731213
12 507.138420796 -11.7205140652
13 560.935510743 -13.1039790124
14 531.642496312 -12.9030651936
15 489.094133177 -10.9109925623
16 467.811317979 -11.1329567956
17 450.633032421 -11.0469060946
18 567.538426936 -13.7016394597
19 587.352117944 -13.6854623822
20 526.091602748 -12.587756558
21 554.851573068 -13.0922203053
22 494.633151944 -12.0430470358
23 556.671741826 -12.8918375675
24 545.363096312 -12.4427495175
25 542.171468962 -12.0721725262
26 484.109539568 -11.0265098444
27 553.456356709 -13.2041948769
28 565.143859533 -13.0772621185
29 500.441972803 -11.7761468717
30 499.451258455 -11.3823088979
31 538.883227688 -12.2629853838
32 539.235442713 -12.8842367702
33 565.770417023 -12.8078499871
34 560.022784622 -12.9767531097
35 553.053071028 -13.0371718005
36 584.040692393 -13.640743543
37 476.536534904 -11.733148933
38 590.293284536 -14.0797537414
39 467.728424398 -10.3718511488
40 599.920471941 -13.5380766512
41 458.007937419 -10.646920243
42 529.533345834 -12.1657940659
43 453.003783722 -10.4915108467
44 570.949254828 -12.6620411614
45 511.571478118 -11.751454746
46 439.211646043 -10.4364454956
47 576.419793951 -11.2724923416
48 513.942828428 -11.6303992828
49 530.891244389 -12.0867153425
50 459.435658474 -11.210574568
51 497.92477346 -11.8026461461
52 549.208287926 -12.5816030331
53 559.285411737 -13.221410494
54 472.23360858 -10.7099996606
55 504.661145825 -11.8093454638
56 558.780271389 -13.1419908422
57 552.841599105 -13.4428460441
58 533.598998716 -11.8804201453
59 507.366636766 -12.0707062227
60 480.493444886 -11.2501487488
61 493.324949253 -11.4247405305
62 546.340594521 -12.8157419781
63 561.209838434 -13.3171051923
