0 447.95105656 -8.85006504893
1 452.088095925 -10.6972478922
2 380.763680934 -7.69622244567
3 459.434619826 -9.22878234227
4 419.098892825 -8.58506721302
5 428.118047678 -8.96669777212
6 480.742402883 -9.46613614667
7 455.458151644 -9.06315183952
8 443.956684305 -9.28088578688
9 374.210929365 -7.92634158627
10 440.050398534 -9.06949253557
11 479.193620025 -9.54207205736
12 474.351453709 -9.64513932617
13 400.152175845 -8.62628079905
14 453.457946931 -9.26558837942
15 465.56486451 -9.48984315222
16 400.402314631 -7.96937540939
17 421.874189502 -8.56088223633
18 466.013521631 -9.64013294177
19 459.038322833 -9.45352895725
20 430.298463349 -9.24821250079
21 423.871797344 -8.92245894283
22 413.570763898 -8.3404379332
23 399.805249407 -8.36600148713
24 437.351057383 -8.70521617586
25 455.615415902 -9.32251878387
26 406.865777557 -8.42712098582
27 400.621994786 -8.41975259696
28 525.476123637 -8.37842561849
29 426.799541441 -8.60237683254
30 377.092664582 -7.94480932481
31 434.274673063 -8.5919663991
32 421.395224703 -8.55994655654
33 404.603253632 -8.70256466767
34 470.194685239 -9.81855213178
35 450.354755783 -9.3086027216
36 422.772656167 -8.62365722023
37 440.182587868 -8.91645633462
38 411.568365832 -8.65814697219
39 446.291069894 -9.43487836692
40 371.685666106 -8.13649750944
41 429.399070484 -8.8019663289
42 439.408220131 -8.88544438027
43 458.590943501 -9.74533195295
44 479.833211867 -9.96824303113
45 403.615778215 -8.7734404874
46 466.153276064 -9.27985313315
47 481.189361078 -9.76897989206
48 429.142567954 -9.17328892621
49 421.796045805 -8.54953649284
50 424.302844263 -8.89783659032
51 485.102916319 -9.81960290806
52 494.507761791 -10.354697096
53 491.155091166 -9.98608176249
54 364.858381134 -7.27516624009
55 432.300935887 -8.72062376908
56 469.97760557 -9.46928835317
57 496.146309115 -10.0203645305
58 345.348922445 -7.24999823304
59 433.936464156 -8.84158098339
60 358.501966046 -7.60393457812
61 422.728544655 -8.53137528875
62 408.183280762 -8.38202301028
63 372.923525582 -7.40772705712
