0 529.223073055 -12.2825315988
1 600.448393045 -15.338875719
2 539.722978794 -13.0297781153
3 587.82135059 -13.8969037424
4 668.074473207 -15.7832442434
5 514.964651328 -12.3930268689
6 569.893305359 -13.4616923446
7 503.623308039 -11.9126283067
8 628.964135562 -14.870796052
9 635.026543185 -14.766521087
10 521.55495067 -12.3004152167
11 597.808921079 -13.9586600375
12 585.430605865 -14.4568633614
13 552.524668098 -13.1787591679
14 591.610042504 -13.6342094766
15 499.57745571 -11.9202827867
16 565.111013126 -13.2729577162
17 563.173927432 -13.332099
18 625.138132582 -14.4956691956
19 623.317187158 -14.9254308994
20 620.40522026 -14.4275605821
21 503.662345802 -11.375086926
22 563.264397576 -12.9945135585
23 518.444569215 -12.4115942652
24 597.123129195 -13.7490858299
25 503.764403125 -11.9937260947
26 502.359959731 -11.6252533497
27 555.164084143 -13.1599872651
28 583.527409861 -13.5202713812
29 537.292823888 -12.6017403984
30 494.278145453 -11.7250796248
31 586.813652186 -14.0698976797
32 599.03534582 -14.177861897
33 615.515071949 -14.5307011855
34 620.062414888 -14.141905175
35 569.00606362 -13.6806978903
36 612.881932647 -14.1694072583
37 692.069057896 -16.2764084969
38 577.577697099 -13.0954247879
39 597.340313471 -14.2384004902
40 668.436326469 -16.0114765091
41 652.320672492 -15.112832925
42 642.831696689 -14.9599320927
43 592.142674809 -14.3355354368
44 582.532021853 -13.7725294528
45 563.406970645 -13.3007997941
46 561.430773559 -13.0413710482
47 569.571047562 -13.2677191279
48 561.367905385 -13.1435805343
49 585.23998298 -13.7831650875
50 638.738398472 -14.9021113213
51 568.228754154 -13.3508077054
52 592.853777389 -13.7680530869
53 556.783714031 -12.8273426076
54 536.954960157 -12.5862016987
55 631.15824956 -14.5077211481
56 607.490598505 -13.9866840869
57 537.781644773 -12.5355659245
58 592.138134003 -13.6436198465
59 571.967520417 -13.4772629278
60 550.033967684 -12.5992544966
61 658.547325778 -15.0487506467
62 539.521370739 -12.8080803731
63 568.357602688 -12.9151311527
