0 527.934992551 -12.5673029689
1 548.452342881 -14.4930337338
2 459.536359265 -10.812608866
3 524.278293225 -12.3834998595
4 540.741696455 -12.622643303
5 537.29960258 -12.6375093506
6 562.340230041 -13.7462933798
7 520.473003055 -12.3396596539
8 472.185257824 -11.0360530822
9 469.268413245 -11.1942706998
10 623.549543933 -14.7737880321
11 505.969099689 -12.0998164518
12 503.32336897 -12.5572842873
13 576.968209113 -13.7038965714
14 448.268514459 -10.7196546782
15 537.395315489 -12.9913010492
16 509.721858175 -12.1236744622
17 510.25975589 -11.7731337447
18 518.6237056 -12.3939283822
19 460.027298051 -11.2047195112
20 531.083049961 -12.3598134796
21 529.398423782 -12.8416425182
22 524.362094267 -12.5385356531
23 533.906227295 -12.5787687856
24 508.125360263 -12.1153239698
25 563.556378378 -13.1833206756
26 440.460975189 -10.4375919433
27 452.588672719 -10.9759261
28 434.390298046 -10.7228665267
29 507.503754462 -12.5633334754
30 472.553142817 -11.5958388531
31 452.098052384 -10.5229440247
32 491.328745009 -12.1223139748
33 549.196839782 -13.5584528181
34 449.879585332 -10.4492453262
35 544.176964183 -13.4275218769
36 493.450672465 -11.7306458609
37 503.653151554 -12.0179198148
38 477.586383962 -11.5127296487
39 549.07566713 -13.0074168004
40 509.225421625 -12.1268534739
41 414.805329623 -10.321266236
42 562.939296591 -13.6762066452
43 460.01779186 -11.470906736
44 567.991861615 -13.7789706888
45 536.859526077 -12.3991095218
46 495.648685686 -12.0781024142
47 531.322314124 -12.8210020636
48 501.715934102 -12.0286748533
49 547.518805285 -13.2406452437
50 518.873693216 -12.5565676073
51 485.657648241 -11.5444346783
52 515.210048727 -12.2032709593
53 517.163658829 -12.6164713062
54 541.187238004 -13.0949857356
55 507.982656749 -12.2073730643
56 437.841175939 -10.3267878644
57 480.737235033 -11.3557775049
58 480.104542305 -11.2938959212
59 509.052182243 -12.3531007243
60 489.203513353 -11.9858503288
61 450.997286253 -10.9637027581
62 459.900958137 -10.9985737457
63 485.41396919 -11.5158791897
