0 484.802249418 -12.784029965
1 474.031395624 -14.075683307
2 458.863615702 -12.1299519508
3 445.191121504 -11.6744883137
4 482.414072781 -12.5717970049
5 445.78660767 -11.9872956737
6 434.018140591 -11.2225349389
7 450.590233175 -12.0352271039
8 425.099444452 -11.2471413833
9 449.793946251 -12.3992249137
10 407.238359946 -10.9126099708
11 485.876831706 -12.691459512
12 441.803202766 -12.1259400031
13 506.077712732 -13.7476446308
14 499.875204228 -13.0559671479
15 473.773517689 -12.453821006
16 409.284285319 -10.6150077863
17 417.545829819 -10.890207839
18 386.544918592 -10.0270045358
19 484.878092645 -12.8432440962
20 441.646922632 -11.955997645
21 436.758842351 -11.8081054342
22 397.496120391 -10.4733298194
23 465.399911675 -12.2468774869
24 456.581197311 -12.1296107066
25 419.821205716 -11.1981772113
26 455.625347163 -11.8879157986
27 511.335419305 -13.5419726443
28 464.334448718 -12.031148541
29 473.709778383 -12.1858229722
30 402.575108447 -10.4462603901
31 466.208339443 -12.5975790648
32 426.414110015 -11.2055945255
33 383.425818436 -10.2347420334
34 515.282789747 -13.4688095355
35 415.015077668 -10.9150576749
36 490.065214139 -12.4299963456
37 447.052910365 -11.923458623
38 443.450108259 -11.4930442318
39 453.122545063 -12.0248826473
40 448.542826456 -11.5599966017
41 436.366521998 -11.6160455135
42 437.816770548 -11.4432654246
43 441.921498519 -11.4953952943
44 511.826491272 -13.38145887
45 375.754008277 -9.97836826215
46 395.171376424 -10.3779953016
47 424.975238648 -11.1414557342
48 417.223403731 -10.8939915798
49 490.357071423 -12.7693784626
50 461.509279823 -12.0058302532
51 455.924401933 -11.8788455327
52 434.33973759 -11.1375203907
53 511.391983876 -13.5400128988
54 512.962879565 -13.2500427294
55 489.872783767 -12.8230133861
56 433.472490024 -11.1288961007
57 459.008221001 -12.4777514945
58 411.572312923 -10.8206598164
59 464.525073772 -12.3437707834
60 474.068236349 -12.5433151902
61 421.847179116 -11.1122913865
62 476.928776531 -12.3429634129
63 408.374549062 -10.6973052615
