0 413.978863294 -9.60468391314
1 427.44752524 -10.8481690758
2 451.878193419 -10.5930179439
3 541.81915235 -12.4074237136
4 451.116112004 -10.2565411997
5 458.560037199 -10.5974353758
6 471.160706902 -10.7009909224
7 472.232805579 -10.4572390372
8 486.22325955 -11.0727110816
9 534.165903579 -12.6366599058
10 531.726546753 -11.7484993052
11 450.953786474 -10.162826918
12 468.42155738 -11.3085998499
13 630.007759249 -14.5304161763
14 470.803664645 -10.575267172
15 476.620202096 -11.2541296384
16 464.0962801 -10.5316205863
17 446.351240149 -10.3970700257
18 413.662206923 -9.53940015571
19 508.234244224 -11.836406959
20 483.813866238 -11.3563172124
21 460.876391745 -11.0186562235
22 507.601756579 -11.7084018464
23 472.586385214 -11.3197349578
24 492.476875997 -11.1468120635
25 530.176097637 -12.4900257173
26 498.201594214 -11.4529792496
27 414.868665101 -9.8110366215
28 524.563776055 -11.6300756341
29 449.509549504 -10.2620238301
30 482.186570026 -10.7644641689
31 543.149912917 -12.6729335308
32 446.920462178 -10.1736496087
33 511.251173701 -11.4692195061
34 526.312240482 -12.2611678377
35 550.797339437 -12.8235488765
36 488.369592054 -11.4020603347
37 507.838607387 -11.6445490095
38 532.779681947 -11.946002946
39 547.996210763 -12.5428489291
40 545.085156572 -12.6090518468
41 502.359268966 -11.7818934103
42 467.175534575 -11.0289173797
43 465.374866844 -11.0375037466
44 436.641948811 -10.3121552074
45 450.392391418 -10.3901207468
46 537.631504692 -12.3673899788
47 496.587648797 -11.6653847857
48 465.970171042 -10.8932638886
49 590.920416231 -13.3988147418
50 468.123315695 -10.9617936528
51 463.243842069 -10.674094743
52 616.0484194 -13.5744097215
53 576.998470229 -13.3160928936
54 466.406519697 -10.6953772736
55 503.858723893 -12.2319794194
56 459.880570913 -10.373908835
57 409.373864113 -9.47775974
58 444.897959522 -10.2061976006
59 531.420346145 -12.048014205
60 491.153752222 -10.9367204836
61 458.261721495 -10.5963380831
62 517.674097731 -11.50139986
63 517.05171023 -12.0811082714
