0 487.288888237 -9.76262394359
1 546.374372926 -9.90007326955
2 453.474309246 -8.45190890673
3 517.212373359 -8.70061380473
4 542.427477155 -9.31037350941
5 473.161747642 -8.85674197465
6 558.146373786 -9.48189452301
7 490.143617807 -8.67222862077
8 410.464208965 -7.94112098998
9 465.469098002 -8.30100680525
10 473.277565184 -9.06962994341
11 552.733344392 -9.47453693877
12 465.537182604 -8.97642072773
13 565.53456421 -9.90520868557
14 494.849589603 -9.07081930931
15 548.676419496 -9.43871226392
16 544.34412707 -10.9897617561
17 505.07053636 -9.08938216035
18 551.893384838 -9.3996681807
19 474.619882695 -8.29840334003
20 518.823089027 -9.25987467069
21 568.615865236 -9.97588601076
22 533.533453615 -9.21379124458
23 555.759441721 -10.2823563548
24 511.052800527 -9.09848625753
25 454.803160214 -8.27075277887
26 499.223921161 -8.63100468023
27 533.166758473 -9.30574877497
28 525.600871694 -10.6610409291
29 487.953512313 -9.68252371491
30 487.34074029 -8.44292533996
31 521.389052468 -9.23227448907
32 440.253775267 -9.51185368439
33 472.423025948 -8.34998474908
34 492.268298943 -9.65058536499
35 490.02804878 -8.8854958415
36 491.563567003 -9.95316180958
37 505.336368643 -9.11448259342
38 538.28822444 -9.54205776111
39 483.647243704 -9.0424088869
40 486.043084269 -8.35826857793
41 512.701076654 -9.05930428861
42 514.599450327 -9.53162187076
43 545.989364971 -10.5251157046
44 533.422383086 -9.36870156043
45 489.627293132 -9.19574715944
46 478.408196433 -8.06100143725
47 489.034861195 -9.13208450116
48 525.879258687 -9.42582160985
49 548.4164177 -10.2226983196
50 542.07187136 -9.35689877442
51 504.860659707 -9.19978285228
52 514.499914414 -9.08218006286
53 562.940640102 -10.2264364828
54 523.951167501 -9.40264717443
55 489.928794205 -8.78055072877
56 462.407053535 -7.6306312946
57 464.780077564 -8.14114307566
58 497.144040593 -9.14540623184
59 480.18583306 -8.91646904958
60 507.336635516 -8.84822060407
61 469.106455549 -8.0464146347
62 513.948931916 -9.44039089129
63 538.320238711 -9.48162018121
