0 533.853430608 -10.9778100338
1 523.385074781 -12.6262127115
2 601.050610572 -13.1223388722
3 514.063116109 -11.3934989035
4 563.706847675 -12.1500295417
5 487.630473923 -10.7231071906
6 476.747046225 -10.3496753371
7 522.298327456 -11.5653939575
8 544.915822095 -11.8013479864
9 510.485838275 -11.1209545201
10 538.998590029 -11.8952309212
11 514.825800661 -11.2584407734
12 558.817597343 -12.6603637904
13 546.132711759 -11.7605920426
14 601.45176709 -12.9274775817
15 483.808949327 -11.2250931408
16 594.031508306 -12.3973557717
17 535.00766708 -11.2305979999
18 558.337916104 -11.9018003574
19 545.498776885 -11.5909124164
20 563.904545183 -12.6860963601
21 512.809466281 -11.0951160998
22 463.847114524 -9.97932451997
23 580.444985576 -12.531793526
24 534.783501552 -11.0900249749
25 505.915906455 -10.9522567884
26 518.11134995 -10.825480139
27 520.504617604 -11.4100468737
28 531.331636686 -11.2498825376
29 564.682699075 -11.7905823625
30 559.991209759 -11.9530572046
31 495.396222721 -10.292054028
32 433.067651859 -9.32288498162
33 464.967419154 -9.93815263471
34 462.913327821 -9.91732220802
35 523.960402474 -11.3219994478
36 572.412166075 -11.9209851902
37 518.97220585 -11.8498570181
38 456.926294571 -10.0803232478
39 469.95348827 -10.5839030368
40 496.918724448 -11.0937672815
41 497.513265018 -10.9909667788
42 494.718594281 -10.8980097289
43 553.414624015 -11.569673436
44 510.198958032 -10.8105931508
45 474.520255666 -10.1228456118
46 575.874866682 -11.9730300697
47 472.864949583 -10.162688841
48 494.785110315 -10.6387468587
49 446.04615932 -9.7414140712
50 511.834524147 -11.2718066243
51 517.05896686 -11.2118544235
52 487.797178265 -10.604503519
53 447.103702481 -10.0515742587
54 445.977868713 -9.886377137
55 510.399533421 -10.9467897994
56 490.683519263 -10.806704401
57 519.640499963 -11.2098968107
58 508.602071138 -11.2189393121
59 459.246191221 -10.1376935769
60 438.813445239 -9.69954740058
61 538.593324961 -11.5797488015
62 528.263421138 -11.3546832425
63 630.714040514 -13.4471870464
