0 447.640020057 -9.62463384083
1 503.81577935 -11.6404259316
2 439.858768192 -9.55577407415
3 464.40025175 -10.062700392
4 560.689636657 -11.7544318255
5 468.828947649 -10.1170834591
6 488.389581238 -10.6984784769
7 495.822734582 -10.5430116067
8 502.808876169 -10.9571384746
9 526.979917778 -10.7863780678
10 550.476028468 -11.8500618483
11 513.165625444 -11.0755966238
12 468.124105399 -10.3412713466
13 460.480469129 -9.78346611916
14 476.354315735 -10.1314151992
15 508.447215122 -11.0054540636
16 443.802265958 -9.5824224606
17 478.715848956 -10.0551467043
18 469.576012316 -9.85968814252
19 497.721638575 -10.8197403692
20 539.884958562 -11.5198429014
21 534.803390585 -11.4574945388
22 419.066312847 -8.92728296674
23 429.246111058 -9.16044932372
24 398.850782798 -8.5856833826
25 488.293539178 -10.6647453602
26 583.931770731 -11.5383152381
27 485.705845903 -10.5648063889
28 452.504826921 -9.53502866165
29 597.279221577 -12.3872109671
30 510.850875583 -10.8964494436
31 421.388902604 -9.20053453052
32 445.924681138 -9.48247042106
33 502.06427008 -10.3753608562
34 469.862653531 -9.77692097369
35 534.945850519 -11.2322027536
36 420.453933497 -8.73388661742
37 490.888407718 -10.6561695817
38 573.188064789 -12.0477866041
39 462.75534702 -9.87616121185
40 484.328091813 -10.2457824939
41 479.09613496 -10.2381435236
42 457.211948686 -9.79332333248
43 467.486242386 -9.94897161794
44 489.838024252 -10.6693272176
45 501.753517864 -10.3719097212
46 513.345209469 -11.053335938
47 491.071428399 -10.3675307108
48 551.888107669 -11.389332575
49 475.124401859 -10.1231756568
50 586.180783793 -12.4073595695
51 440.878032296 -9.22766167505
52 498.862600627 -10.5789316874
53 431.312342526 -9.28497124911
54 520.58013698 -11.2200522705
55 445.367493854 -9.79396257862
56 427.128263781 -9.2062106586
57 464.829533031 -10.2429918457
58 504.582850228 -10.8772820041
59 529.35535071 -10.8796853912
60 463.371463979 -10.2004796613
61 463.86750275 -10.4858942966
62 568.927261874 -11.9478485776
63 446.077437964 -9.38097012547
