0 429.973447356 -8.67283740947
1 374.478246255 -8.64216053628
2 388.433840394 -8.35295420165
3 397.938449528 -7.93130504717
4 349.805990873 -7.30605355697
5 376.502799188 -7.73476071347
6 362.901297156 -7.34681643444
7 398.711692416 -8.35741399013
8 374.003276078 -8.14675710809
9 337.431236311 -6.90270792656
10 393.363388472 -8.10351663979
11 367.65900086 -7.47401853637
12 385.742096809 -8.44500418314
13 469.339654053 -9.13249186617
14 418.433923563 -8.85226937065
15 368.389231807 -7.81388299712
16 375.562905829 -7.68981063751
17 414.175578308 -8.53117773659
18 383.843601858 -7.96477001252
19 367.757431655 -7.26135649514
20 None None
21 368.508164142 -7.71701129941
22 417.237823342 -8.34775410361
23 384.51529626 -8.14093007274
24 362.062653848 -7.43713494674
25 346.426693462 -7.41957096595
26 393.02787569 -7.49875517804
27 364.076467884 -7.64828494322
28 394.462315771 -8.1776634391
29 419.686702683 -8.635456823
30 377.977484757 -7.5405589161
31 381.961465748 -8.11636296952
32 429.716252581 -8.81771398142
33 351.926325559 -7.24988870051
34 486.296676402 -9.67394274738
35 356.464128852 -7.42286653977
36 376.638844154 -7.47931771364
37 404.456401854 -8.68090550351
38 379.829786875 -7.8777523576
39 380.776464106 -7.87295543455
40 408.039024225 -8.63727116314
41 414.23513533 -8.80135804923
42 367.053708321 -7.52491770572
43 453.757073055 -8.93765052169
44 362.382199448 -7.76795931769
45 445.803299347 -9.06711099314
46 467.103740724 -9.35149164427
47 389.712043397 -8.40165894993
48 421.534543014 -8.67953170805
49 425.174786681 -8.10977938592
50 404.934809937 -8.56409630058
51 450.951095468 -9.25299551851
52 388.587436804 -7.97940353678
53 386.560692431 -8.28520156456
54 403.950362488 -8.38046556009
55 409.347767392 -8.63529789935
56 456.550994749 -9.63162935424
57 403.110487904 -8.86035134871
58 378.596635569 -8.05561191457
59 385.375043244 -8.14652811699
60 359.201766669 -7.34168080452
61 398.081081616 -8.4490185365
62 412.543690184 -8.68778169643
63 359.982558916 -7.13000980782
