0 443.746356965 -9.01248253515
1 455.361498975 -10.5025986082
2 470.338948323 -8.94044345586
3 491.622620664 -9.75685337449
4 436.612456805 -8.92809200825
5 465.079429335 -9.61848876464
6 458.347869055 -9.39884126923
7 410.843624008 -8.85255626028
8 393.019220378 -8.26432003699
9 414.230510007 -8.02450373661
10 389.156609234 -7.93795205011
11 458.063505951 -9.43849638119
12 436.55055654 -9.68102191351
13 455.782778104 -9.41547120465
14 433.060976444 -8.89852569107
15 414.178952348 -9.02669122385
16 443.256532665 -8.98449584084
17 372.877275761 -8.29207620968
18 408.317995608 -8.43026599761
19 449.990126352 -9.71137057813
20 421.591851262 -8.82991649401
21 412.850904311 -8.44961905907
22 447.226065794 -9.42192549637
23 510.52078047 -10.3687016183
24 443.062322081 -9.09734678263
25 432.250762372 -9.20506946095
26 503.852432101 -9.45676969531
27 468.792855425 -9.67357522105
28 476.802706651 -9.86922725285
29 512.988960501 -10.527670889
30 449.718795028 -9.59888471621
31 476.385978654 -10.028229739
32 483.138311985 -9.7688688319
33 392.08779551 -7.73442677954
34 420.09580402 -8.53446683672
35 477.444613684 -9.74889539442
36 489.560509661 -9.54137048507
37 461.34679456 -8.73443654213
38 438.686526031 -9.29049290637
39 421.637452095 -9.29851024874
40 474.448265905 -10.0361760987
41 428.667172491 -8.94265595229
42 440.982204498 -9.29772702152
43 468.50488563 -9.61631913938
44 367.333725284 -7.73971667221
45 521.755242997 -10.4070297007
46 542.885752382 -11.3513810083
47 413.86601218 -8.60072989724
48 425.269063177 -8.66647373806
49 428.189697397 -8.98247739432
50 471.18789591 -9.95192448307
51 384.3616817 -8.06196448558
52 475.96780614 -9.97232085485
53 483.122052023 -9.60030999948
54 425.417113036 -9.00137359461
55 435.464129849 -9.58740295254
56 399.665463311 -8.40914223565
57 485.797245912 -9.7410210012
58 393.712495076 -8.41000722575
59 485.70864693 -9.98846356369
60 497.085682201 -9.88377548781
61 395.665180445 -8.45941567777
62 402.631687233 -8.85871681757
63 445.753988668 -9.2012213559
