0 578.637442496 -12.3744967367
1 577.781069389 -12.8241814684
2 494.951372555 -9.70552397592
3 561.652360986 -12.1503671433
4 623.923692058 -12.9712674406
5 560.580070949 -11.4907792105
6 531.354113498 -10.8877110027
7 488.118908338 -10.2343135293
8 597.861423023 -12.390235504
9 561.214160004 -11.3573732093
10 568.373777756 -11.8057347447
11 571.126432268 -12.0943536915
12 487.808966516 -10.8172635682
13 513.821410616 -11.0339814139
14 507.924062828 -9.97027681855
15 538.858836363 -11.2015131006
16 567.498949933 -11.1699764471
17 536.208432572 -11.1132173192
18 562.369374575 -11.754896206
19 579.847891993 -11.7865540888
20 536.712156351 -11.5588337242
21 559.424586608 -10.8923512534
22 535.944279869 -10.8137167466
23 519.901675466 -10.7398084471
24 545.521230721 -11.220066208
25 604.582497213 -12.2257473435
26 564.260711349 -10.9972369625
27 505.222026296 -10.0487406883
28 544.21798951 -10.8998926008
29 583.457179855 -11.4439888995
30 554.47742882 -10.8579319579
31 629.629227119 -12.7954915829
32 497.512340762 -10.4471930359
33 472.36099342 -9.76440007987
34 490.597833371 -10.2605831984
35 517.001641088 -10.5847360145
36 561.189297799 -11.4074879376
37 545.472378733 -11.1251664309
38 536.11975741 -11.3437245936
39 468.361449322 -9.94316096966
40 536.9942249 -10.7561425356
41 493.36988018 -10.0927197585
42 525.844898179 -10.8527201706
43 593.300909515 -11.8292574708
44 549.826228386 -10.6543684496
45 542.552274014 -10.9555533601
46 497.56805138 -10.7352247236
47 496.698270289 -10.5935375061
48 495.620035022 -9.89484459613
49 483.436779045 -10.2775054845
50 505.320125861 -10.4313583892
51 519.02726371 -10.3814864247
52 542.946143188 -11.0717522498
53 565.28247861 -11.068743282
54 499.88891432 -9.58761579039
55 539.945146729 -10.8517320963
56 514.129648354 -10.9243433657
57 509.92787477 -10.4649307866
58 542.475186055 -11.0415509795
59 583.175060162 -11.2722936046
60 538.294618424 -10.5246502905
61 427.799241349 -8.97949492089
62 517.706677093 -10.4380196882
63 525.744217096 -10.9258027738
