0 476.067439048 -10.5306896609
1 466.305299356 -11.4411112418
2 482.637207303 -10.7018827651
3 572.623806672 -12.6498999434
4 446.18734775 -9.73418846661
5 480.88700742 -10.9740939279
6 457.080533915 -10.3521947849
7 510.868502066 -11.3474611339
8 490.06770843 -10.8128121342
9 441.543991771 -9.87082593332
10 477.924455953 -10.8267482887
11 485.548182848 -10.7165180871
12 536.750642952 -12.3333376098
13 520.560369914 -11.9732169188
14 417.384933641 -9.39125381137
15 486.248604656 -10.9460790963
16 480.25249887 -10.7370074859
17 455.409392198 -10.0417884955
18 436.804135823 -9.93643321778
19 534.19486017 -11.6194251541
20 453.116060105 -10.3965272803
21 429.889464151 -9.72082609141
22 485.550182429 -10.8155211999
23 440.119551793 -9.63688412773
24 554.215174334 -12.1708417093
25 453.646227766 -9.94436665565
26 495.153333641 -10.6505109008
27 436.627923596 -9.59172112494
28 445.62028892 -9.74534370253
29 571.020857208 -12.2949413425
30 462.739433511 -10.1382731231
31 507.149017615 -11.4113873589
32 519.504100659 -11.4359461759
33 483.102057136 -10.6139787429
34 475.371766254 -10.5158572161
35 441.886745783 -9.84609937882
36 467.386896942 -10.1978455628
37 448.412355722 -10.1498029974
38 475.528410272 -10.5214857479
39 502.853079872 -11.2125963509
40 472.590541317 -10.4989892191
41 538.290756133 -11.5575423204
42 518.195531988 -11.3001852581
43 456.508388697 -10.5275810617
44 515.875154209 -11.2600477841
45 507.450048456 -11.1894378338
46 476.568825142 -10.379629869
47 473.268839468 -10.6106059188
48 443.076435614 -9.87302701571
49 489.121044946 -11.049659845
50 520.048628905 -11.4356517516
51 503.815116754 -11.7211864179
52 420.020332216 -9.54406310439
53 493.531271243 -11.1930982319
54 477.277514718 -10.6913660877
55 548.291963173 -12.297933794
56 507.878773786 -11.2199067032
57 509.438209653 -11.3014138173
58 512.614809817 -11.2019007269
59 481.903758238 -10.7295131134
60 521.216284652 -11.7068987255
61 500.798368875 -11.3439536819
62 489.176123864 -11.0841846426
63 435.26875472 -9.54668969251
