0 554.657835425 -10.5884749172
1 514.576114833 -10.829338215
2 638.806129689 -12.5570312455
3 504.329118356 -9.9173755591
4 568.465420584 -10.9457075746
5 484.695295457 -9.96941945504
6 510.952133684 -10.2631485458
7 567.786244694 -11.0814066343
8 507.607403258 -10.0608861389
9 527.721174581 -10.1812990604
10 534.44563749 -10.8018557267
11 621.491680441 -12.1733164736
12 463.215244802 -9.59590411225
13 553.954278824 -11.1491936049
14 525.556731093 -10.0392113194
15 517.817079471 -10.2396303217
16 544.952452763 -10.4500754463
17 628.3098958 -12.0316118165
18 514.891298404 -10.5930195502
19 501.871852982 -9.84964009685
20 562.896751383 -11.038781629
21 530.07963807 -10.7078897804
22 529.924110095 -10.2912099681
23 578.220330629 -11.2042077143
24 504.985103323 -9.79822816601
25 610.567399282 -11.6798785734
26 597.606649875 -11.3260149935
27 562.895513968 -11.0477751162
28 524.971468372 -10.1201495078
29 535.705064901 -10.5689412622
30 506.571501327 -9.99664949122
31 571.34417063 -11.3388119006
32 591.839383693 -11.2263180017
33 555.47476978 -10.8953307311
34 528.005539105 -10.2614849036
35 608.568481018 -11.8135230394
36 523.126078926 -10.1688607738
37 538.273182367 -10.4149629816
38 562.007043261 -10.60950081
39 586.341805628 -11.9206523999
40 507.607003941 -9.95502423318
41 556.973167446 -11.1454094427
42 626.4969956 -12.1958941626
43 547.985104808 -10.9216698406
44 558.716605966 -10.8424239842
45 575.338482493 -11.0124244006
46 600.694737792 -11.4361501927
47 594.364700981 -11.8959139777
48 583.108471656 -11.3119548382
49 558.066545708 -10.9792707437
50 590.930702318 -11.3491950214
51 469.462425182 -9.55585423673
52 616.510809583 -11.8399333747
53 568.06297374 -11.1165512219
54 542.636037755 -10.498640855
55 639.172017881 -12.3132026729
56 540.373724177 -10.5556495497
57 514.543544195 -9.65908007427
58 558.483989387 -10.6923449646
59 580.902621009 -10.6946916762
60 618.915380537 -11.735836018
61 628.075793164 -12.052023217
62 609.815266917 -12.2512506775
63 520.420287822 -9.99268516014
