0 486.178865696 -10.7300118805
1 487.323528249 -11.803609874
2 529.884887777 -11.7315809389
3 462.047691215 -10.5276182898
4 482.647763727 -10.5968485462
5 516.120348491 -11.3788501764
6 629.946231509 -13.74299858
7 511.151536547 -11.0444101348
8 523.451733113 -11.5734214088
9 559.407926839 -12.2393933604
10 475.163164265 -10.6472786634
11 528.513057809 -11.170588461
12 507.513789436 -11.4561071127
13 539.915385466 -11.8914032352
14 536.08664383 -11.7049332754
15 492.87771046 -10.9463279588
16 555.376702878 -11.9482019213
17 541.453367836 -11.3683670614
18 514.928182186 -11.2305502257
19 446.114907965 -10.0334878259
20 524.973483538 -11.7584219988
21 536.992874846 -12.0265467991
22 533.283979972 -11.6193361561
23 519.689260924 -11.7092503564
24 486.454172345 -10.5428995041
25 530.130132949 -11.622368413
26 466.294977398 -10.2172610278
27 492.088136233 -10.9008283751
28 515.909797434 -10.9913755032
29 524.745442023 -11.6305562674
30 599.115593249 -12.6886518479
31 543.692832399 -12.3386965107
32 561.681463121 -12.0825573814
33 484.132662332 -10.7107420776
34 561.26345655 -11.968254676
35 540.27113436 -11.6294543841
36 513.3277119 -11.1074982204
37 537.966482924 -12.1792273343
38 552.380783933 -12.0860992982
39 559.214005636 -12.3107913992
40 524.854805029 -11.7751291617
41 630.400548258 -13.3431790983
42 532.173196697 -11.0832904432
43 565.537959489 -12.1647638709
44 507.534123578 -11.0143089425
45 487.03188478 -10.5607786776
46 560.648041485 -11.7325622363
47 558.864457704 -12.0202931943
48 488.043019906 -10.7814519846
49 529.622194937 -11.6255493519
50 450.151798534 -10.0106586362
51 500.585270013 -11.3942103692
52 571.777070584 -12.4930401428
53 498.572736036 -11.1735614306
54 537.996063435 -11.6309514087
55 575.963961632 -12.0645419225
56 520.301595645 -11.5939127315
57 535.22103054 -11.4114117413
58 541.496397969 -11.6174635088
59 486.351466471 -10.5416091418
60 564.200651417 -11.7972149504
61 478.86340861 -10.5154837057
62 494.14677354 -10.3472396768
63 522.314208056 -11.1167545207
