0 505.147665323 -9.65780788888
1 514.705366305 -11.0983150943
2 478.56574716 -9.35341896016
3 465.314233306 -8.84886863762
4 504.023905339 -9.70410105214
5 536.763728699 -10.7039614687
6 432.17064735 -8.44723908097
7 507.625707666 -9.82767695074
8 469.862274436 -9.18704968132
9 537.245618925 -10.5154793826
10 544.008501369 -10.2771128289
11 549.479788141 -10.5581201284
12 477.446010727 -9.7790407211
13 554.372556291 -10.5353515424
14 574.754448529 -11.2412369669
15 516.816206534 -9.95951750518
16 556.255858407 -10.3446347602
17 550.735954507 -10.8637159114
18 572.293476903 -10.8260274822
19 614.16605658 -11.7623516645
20 477.143549784 -9.54325670223
21 540.615722473 -10.8032305782
22 499.830573383 -9.62031410248
23 504.968515358 -9.69274423594
24 509.714221389 -10.0872272547
25 490.08876351 -9.62870861337
26 562.937835707 -10.9277094486
27 482.476746335 -9.44585607818
28 528.711704057 -10.0390688269
29 498.322756374 -9.60070080699
30 579.339814741 -11.0796357732
31 511.536731859 -9.76076513836
32 442.972170711 -8.6434654367
33 532.451181641 -10.1517172271
34 515.136042092 -10.1434852882
35 465.898259847 -9.4359285593
36 497.746989882 -9.76313142346
37 558.471448507 -10.8869240629
38 420.304769035 -8.19547896145
39 515.325660999 -10.2387363536
40 467.179946661 -9.04044172968
41 536.689306678 -10.4181202685
42 515.298411609 -9.81511645746
43 553.642494104 -10.5428166659
44 542.751856955 -10.2622261731
45 487.326976381 -9.49149658328
46 540.117114905 -10.2659780793
47 561.130081804 -10.5910397989
48 429.708174339 -8.44287227608
49 529.969294311 -10.4975940459
50 564.462277629 -10.8341388466
51 508.162199399 -9.92361186831
52 470.940355917 -9.00689299462
53 554.355022213 -10.856610186
54 528.462860391 -10.1206444499
55 506.309900748 -9.86075347133
56 548.80193025 -10.5662394256
57 597.322067515 -11.5867942913
58 540.509503805 -10.4222349772
59 479.723786994 -9.05674600778
60 525.434512917 -10.0108921851
61 511.456643391 -9.83854495679
62 531.768532944 -10.2379377984
63 505.789638136 -9.69514377469
