0 579.552596022 -14.1571985607
1 511.407205833 -13.9850863409
2 677.38919549 -16.4430280854
3 483.565480815 -11.9383623049
4 531.501421643 -12.9059632374
5 545.963097079 -13.5056923776
6 618.932462996 -15.1903746104
7 516.263149619 -12.8578350415
8 511.182216319 -12.4945803665
9 484.94126945 -12.1438927603
10 524.741781407 -12.7039277321
11 525.352703673 -12.644466713
12 588.333574612 -14.9185945281
13 513.373937005 -12.8817780971
14 493.160528028 -12.0388447904
15 490.443356115 -12.2722958407
16 485.493037775 -11.5812778279
17 480.6250536 -11.8964041179
18 546.23654813 -13.2089794821
19 535.913466508 -13.171307306
20 482.767273121 -11.9785144989
21 497.241519709 -12.4615626135
22 565.753883782 -14.0029828689
23 503.673309019 -12.2480924216
24 525.981494696 -12.7359220839
25 623.998321873 -15.0856874319
26 561.45744325 -13.0594536204
27 578.720379668 -14.0708284384
28 505.718065505 -12.2619874423
29 442.997650956 -10.9139542022
30 502.21845916 -12.2974732152
31 478.027533975 -11.843396028
32 501.771466751 -12.1232231652
33 517.808379169 -12.6141486171
34 497.130968534 -11.9089711843
35 591.59552524 -14.4911855164
36 555.725855954 -13.2412003651
37 547.888007014 -13.2477645292
38 513.828773273 -12.4442076215
39 602.834646256 -14.6799369745
40 552.886027712 -13.3732210027
41 523.333747766 -12.8211411605
42 560.681724295 -13.5317432956
43 509.871725114 -12.6927616317
44 555.17053136 -13.4346694165
45 447.419255258 -10.9617633476
46 549.710118019 -13.2111561765
47 474.243286608 -11.6466352495
48 522.9681971 -12.5741832652
49 629.522926182 -15.3107805824
50 491.687436897 -11.9039025028
51 488.099755785 -12.3311540767
52 558.285100679 -13.5796252187
53 516.842267929 -12.8349343758
54 532.532329529 -12.8474038791
55 555.520220043 -13.2278931476
56 550.527146177 -13.1711762956
57 540.11050807 -13.1159810737
58 496.707736453 -12.1158803061
59 541.520664912 -13.2521914785
60 477.283116099 -11.5207444518
61 460.825257455 -11.3211831194
62 505.097628712 -12.3430988259
63 498.767610842 -12.0553644044
