0 501.949868012 -12.5941892927
1 501.277266277 -12.3772067164
2 455.542424573 -10.6750099286
3 441.413687826 -9.97597837481
4 535.220619665 -12.4186808537
5 487.066319057 -11.0642638606
6 526.875338734 -10.1909609225
7 519.897812494 -11.4778529241
8 507.394019969 -11.2247430196
9 451.17527734 -10.6168014289
10 488.85997451 -11.3680555523
11 480.411904439 -11.1810628114
12 514.863142609 -10.7735411899
13 543.229601271 -12.2732179884
14 491.793409705 -11.078887149
15 537.667231688 -11.7037274096
16 543.234598435 -10.5062553816
17 476.516879044 -11.5002966892
18 498.628323693 -11.4097403832
19 541.406237272 -12.0729745878
20 521.932094804 -10.9917698199
21 505.445358846 -11.4431875912
22 521.060603626 -11.6954207904
23 525.821546492 -11.9224280495
24 451.58579126 -10.6804424388
25 396.723989007 -9.84205837121
26 594.280729475 -12.2667605124
27 493.958102492 -11.4181987065
28 498.317012864 -10.7856280545
29 485.296653383 -11.1532919206
30 470.797190343 -10.7476962952
31 462.889931782 -11.1288655752
32 515.807366546 -11.5233260552
33 517.775483339 -12.1955427003
34 476.426370925 -11.291427713
35 522.985239618 -12.7046203979
36 561.887034846 -13.4893132982
37 472.893783506 -10.0707595411
38 558.001472368 -12.7913617269
39 513.306421234 -12.0873977637
40 529.957196772 -11.2193478219
41 464.167005875 -10.9309272287
42 504.301792771 -11.4158155167
43 502.744442185 -11.498000673
44 487.705175183 -10.9855815152
45 416.988608576 -10.3221474405
46 447.18773141 -10.0931613763
47 478.286298291 -11.2180685229
48 492.290975775 -10.9655081334
49 517.888522915 -12.3817620929
50 508.889833794 -12.1601342434
51 465.600162384 -11.0313538563
52 448.73682341 -9.5908644907
53 454.101096389 -10.0094584616
54 434.226244555 -10.3694921132
55 493.908097599 -9.98478710935
56 558.14118413 -10.1097924817
57 489.325557638 -11.2613468437
58 510.714610631 -9.85344211155
59 498.055241361 -10.9140040581
60 585.969523207 -12.5852244518
61 480.717872025 -11.0038893698
62 514.604729648 -12.0536131767
63 481.417545264 -10.4914756699
