0 609.8555672563662 -14.285693805034033
1 533.6420951332121 -14.49774065401891
2 622.3418173279053 -15.005004907337021
3 660.9895847691664 -15.571245160291397
4 530.2840796668078 -12.875673296441295
5 574.3137815383088 -13.502144733735113
6 517.1222760646705 -12.065746573801158
7 475.206520126376 -11.183741577330933
8 539.5934505776567 -13.115372255775515
9 519.1361402948908 -13.109772349192498
10 581.8686214387392 -13.85761157027854
11 618.0756570632001 -14.237404670942086
12 574.2314778896995 -14.668760748354789
13 611.7133603620063 -15.047171424952472
14 498.5120683954761 -12.332120709482036
15 610.3210825008297 -14.396594878323109
16 523.7882738446232 -12.385807027473744
17 554.3878033940233 -14.02180456764478
18 563.9625440625672 -13.260224699649674
19 576.6486955167625 -13.777732137741602
20 542.416260860501 -13.295574022166933
21 641.0601147875088 -15.34358750383967
22 616.7715925689344 -15.626681541695126
23 578.2216970338553 -14.16408155368501
24 540.1127131031263 -13.547182585839693
25 597.5969132996742 -14.310250108046404
26 660.8156468934367 -15.806890618455851
27 572.7597577619838 -12.91667449917383
28 574.1522882899216 -13.650842367192114
29 542.6103383199008 -12.928807785159506
30 489.601408426531 -11.985853642940532
31 610.8147004939575 -15.325093473084678
32 500.59421669511903 -12.302246070148101
33 575.346992273906 -13.393725654494197
34 613.931825715087 -15.10678562861437
35 521.554505411208 -12.766228347426338
36 602.3283343388027 -13.755349545112153
37 557.9886503473308 -13.592990864912753
38 782.4330577845908 -17.765849727463504
39 535.1206347119282 -12.736385607759631
40 550.2675005595117 -13.008140723685127
41 544.9992151881601 -14.081217118295317
42 591.5768790407017 -14.390852983214941
43 543.4325199010278 -13.634816139017584
44 561.2072133444844 -13.305515499063512
45 677.2621671548891 -15.232352419929466
46 528.4168159356835 -12.525544603875238
47 497.9229089365791 -12.439240562815502
48 546.155361392556 -13.154362975838596
49 549.5525301814502 -13.248232769103284
50 557.414934929894 -13.099781857582109
51 547.093285028523 -13.302095017726753
52 537.3303946557237 -13.221966169717984
53 512.0566727937626 -12.804470001748674
54 640.8127571086451 -15.415906777607018
55 588.5919465802398 -13.951327154898982
56 564.2937692628668 -14.051874618857813
57 552.397552058225 -13.205727234988247
58 571.200539343881 -14.521953529782948
59 574.1339082557345 -13.348092043182003
60 541.550375835046 -12.950369728112825
61 528.406815589866 -13.086255276716395
62 567.8790015468231 -13.700534572705946
63 611.7053732608188 -14.435120182851545
