0 590.54743826 -13.3464544889
1 569.287788991 -14.8106299254
2 615.71566667 -13.7858313201
3 557.081709617 -12.9287126782
4 542.771591513 -12.3007501734
5 541.919387458 -12.3129656063
6 624.74392619 -14.1900490269
7 619.474518903 -14.0870223533
8 531.317077899 -12.4643228628
9 633.25604184 -14.3421715737
10 530.273023707 -12.6644301127
11 623.074368171 -13.1707537879
12 602.22299027 -14.180169854
13 668.833073335 -14.6957219564
14 576.163396728 -11.5160982849
15 546.770322906 -12.2782166587
16 584.90469604 -12.8181722076
17 524.580603517 -11.3198356748
18 586.955394841 -13.3321066078
19 660.398594518 -14.9645333126
20 589.419043698 -13.7423268339
21 601.41789082 -13.378514399
22 615.899919512 -13.2261494588
23 600.897764236 -13.9267295003
24 593.891654916 -12.5950756188
25 572.269747592 -12.9521147897
26 634.602810164 -14.0074388847
27 631.350790898 -13.6060283911
28 527.721819445 -11.6305614339
29 548.145343452 -12.454024904
30 594.291430291 -12.4371596416
31 603.769948166 -13.2384439483
32 612.40114664 -14.0371597838
33 592.92279687 -13.4469996372
34 626.420915908 -13.8471061799
35 549.939920066 -12.1642577881
36 642.920790681 -15.1202875113
37 613.524196579 -14.3341206045
38 588.523975153 -13.5047946578
39 526.336851462 -11.4656809684
40 583.366365747 -13.0004599671
41 598.843769561 -13.4046484569
42 581.489802861 -13.0694313592
43 658.795819184 -14.800019026
44 657.446958909 -14.938184484
45 656.097127113 -14.9362119076
46 525.310102864 -11.7803119414
47 586.911629108 -13.2671329054
48 529.236956649 -11.6614406356
49 539.113848609 -12.5329987585
50 597.323684339 -13.8189531922
51 517.663557594 -11.821976118
52 631.095571181 -13.2618837729
53 546.647373194 -12.3416348033
54 606.275850142 -13.6690767023
55 522.879244989 -11.9005532908
56 625.542702396 -13.3625548691
57 526.67148172 -11.6421343923
58 622.965903681 -12.4932573111
59 566.799652774 -12.848262151
60 582.664912869 -12.6604700012
61 596.134789493 -12.559325065
62 642.603196868 -14.3091424504
63 523.43246033 -11.629287195
