0 431.732406727 -9.80841897881
1 429.940903286 -11.1078701561
2 505.784379121 -11.8241626509
3 430.694018624 -10.0906453889
4 477.263522177 -11.3551934393
5 461.908677924 -11.0945422103
6 469.106727319 -11.0037552179
7 426.548042699 -10.356826752
8 493.233521059 -11.424408206
9 462.792496458 -10.6232644283
10 425.231896035 -9.90038235007
11 436.66429285 -10.5271052403
12 493.384082825 -12.0738491518
13 475.967490946 -11.4505999107
14 520.940324953 -12.0616120918
15 460.012520381 -10.8171186006
16 455.753904214 -10.573941994
17 442.450002866 -10.4118452798
18 418.276447086 -9.77737250486
19 438.793247064 -10.3462270132
20 419.837797241 -10.038420165
21 479.238410973 -11.3102914476
22 472.032045264 -10.9538834716
23 442.337444627 -10.3011543265
24 439.6460873 -10.1452318965
25 405.999629855 -9.56421110818
26 485.804768197 -10.6889798182
27 447.051855535 -10.6724645313
28 447.238003791 -10.4138937785
29 468.800347988 -11.0160263715
30 404.986367557 -9.28842317932
31 444.040711426 -10.490681799
32 479.666343856 -11.1838046972
33 491.210751645 -11.486703608
34 494.554744718 -11.112865372
35 458.663534143 -10.8255895362
36 526.714185252 -11.8533144133
37 420.07768255 -9.95370643592
38 434.675354626 -10.1421988741
39 461.519778267 -10.8311723494
40 453.628141924 -10.5595885741
41 502.791479199 -11.5708342696
42 521.428912914 -11.9318027795
43 451.7504275 -10.7565966007
44 441.029591102 -10.3492566968
45 427.949049599 -10.1164600986
46 471.548890341 -10.8532815738
47 479.509782708 -10.865716591
48 491.748736595 -11.3044349154
49 462.310312607 -10.8665394291
50 432.805463217 -10.0990451621
51 462.858077666 -10.8833643223
52 427.158455255 -9.81096739357
53 439.997795586 -10.5647378786
54 439.418784693 -10.0654430328
55 387.458499035 -9.26300956713
56 463.371543344 -10.9570526863
57 469.027332718 -10.9362698299
58 429.155658145 -9.92932045421
59 427.477402971 -10.0090403556
60 467.90726965 -10.6922620603
61 416.827191244 -9.66821645244
62 506.444874719 -11.8176088468
63 425.063478274 -9.75946067895
