0 486.0821500580927 -10.17759161685856
1 429.94431446874034 -10.244696483939354
2 473.02746118944975 -10.379195631105912
3 468.35935375043647 -10.21487169441789
4 398.559788989405 -8.561488621030088
5 422.0010479344655 -9.319220493658566
6 426.2976651681604 -9.223605031824473
7 458.1255642987178 -9.8040512802176
8 427.9972358667926 -8.967065964071843
9 430.45603606915984 -9.05445308344796
10 484.51329251161917 -10.294829793617449
11 537.7249242653322 -11.447287275636441
12 417.41939472501315 -9.244254097779887
13 458.35117292269166 -9.705519535626063
14 407.8661643673692 -8.83554364125796
15 445.78438478378735 -9.706865803468368
16 540.2696159421197 -11.413861977690706
17 428.33457673917616 -8.884922735156644
18 421.8082691928829 -9.349392049065347
19 463.1848922178723 -9.9185069525244
20 427.647884113783 -9.14695469467371
21 458.54707562901626 -9.84166166819356
22 499.7241112839543 -10.387028686805223
23 440.9000116133616 -9.414443005327081
24 463.07673260503503 -9.785953893910204
25 467.5207613506079 -10.13757386970182
26 505.34550481162177 -10.480592674929603
27 468.6813534820057 -9.8695465999531
28 467.98269295028643 -9.875175160430075
29 450.45684799106124 -9.587159120797505
30 513.950281560108 -10.681799172193868
31 419.74878076583394 -9.07602451215396
32 419.1645014105145 -8.857784349662502
33 469.01886758413497 -9.98630078175177
34 487.1663487134218 -9.960233465148889
35 464.04836310747686 -9.655364921983093
36 439.60101670520913 -9.112480892081996
37 438.553410336696 -9.456421771113261
38 456.58426312797326 -9.750930619730331
39 458.20687674853264 -9.76857976626375
40 442.69358336480434 -9.396143304417913
41 433.4447070583049 -9.201336363136852
42 435.9502380459255 -9.182403473981303
43 416.04107169742485 -9.170938592707092
44 479.4217712632492 -10.069064297008188
45 428.41666117085117 -9.520709141025918
46 464.7065222897215 -9.822034853894777
47 489.0024135033592 -10.263783126510532
48 447.3537454590988 -9.444667489233542
49 478.08469686358865 -10.158968130599657
50 491.3080269210195 -10.189396784900666
51 461.51241983308887 -10.031866214396468
52 444.69239621469825 -9.515838641268338
53 507.8119398901168 -10.675696529705727
54 474.8555398997307 -10.243336716400416
55 514.4546008526573 -10.624917630803424
56 461.59117976326536 -9.689992370206832
57 526.2375801073035 -11.458059584631714
58 422.05067304916423 -8.793339835255862
59 466.17148062511774 -9.867124450902944
60 413.27152967695804 -9.1905280409871
61 457.15162693656026 -9.655959714873386
62 467.34344601564413 -9.907992234928836
63 428.3855601818601 -8.992797202224688
