0 491.471693059 -11.2027235893
1 486.830744521 -12.3259999001
2 418.150844641 -9.707382322
3 496.625512816 -11.5321810859
4 454.221952615 -10.5749091393
5 479.590971088 -11.3611056265
6 488.482145419 -11.1297266182
7 505.418965694 -11.8987862305
8 459.524322318 -10.432665069
9 431.369297553 -10.3308248688
10 475.728193255 -11.127990909
11 446.080058292 -10.4037000105
12 404.999463122 -10.0402939945
13 439.033298643 -10.1622697762
14 374.126508821 -8.85570348238
15 448.480729855 -10.4933472449
16 477.561658074 -10.5682894169
17 453.712725584 -10.9474539052
18 523.264074223 -11.8816390104
19 516.823160092 -12.0578512495
20 457.789663763 -10.8177517638
21 430.650944903 -10.1828582916
22 452.67176837 -10.3650300471
23 425.548274661 -9.950884891
24 489.807747384 -11.551456817
25 490.029906226 -11.5709668175
26 458.237877001 -10.1965244258
27 479.694460994 -10.9387067692
28 505.00154391 -11.275598431
29 502.74572411 -11.8459706786
30 480.545093247 -11.1201602099
31 485.71200374 -11.1363868371
32 485.206009852 -11.058123929
33 534.697376303 -12.244110499
34 563.572700434 -12.7194314414
35 449.721073344 -10.4453821851
36 525.042972883 -12.1006125674
37 454.541281736 -10.4144162862
38 428.80346466 -10.1236194128
39 503.188097461 -11.5733074586
40 479.166213551 -10.6132455401
41 547.689332436 -12.4144642964
42 431.110236681 -9.84153349546
43 478.617123303 -10.8373518715
44 436.800757147 -9.94472287579
45 490.173951589 -11.2864078212
46 471.423348818 -10.7812864751
47 505.715036204 -11.308254738
48 503.244900877 -11.4412034841
49 468.433539053 -10.9764001981
50 428.249260876 -9.97577441241
51 474.77358654 -10.8927117503
52 486.985258569 -11.1399756312
53 421.022587063 -9.93719467261
54 436.023932241 -10.0793781687
55 495.313354069 -11.3955030861
56 503.924493868 -11.523233954
57 431.868554017 -10.0288575125
58 471.183212071 -10.9948047462
59 465.441251929 -10.6657192292
60 461.888773784 -10.5706383645
61 430.607120811 -10.023472291
62 490.755832567 -11.2080376342
63 422.743566289 -9.46912237516
