0 473.029830559 -10.1008699971
1 513.152475445 -11.989567494
2 447.222043494 -9.60406957604
3 473.807956571 -10.7569429919
4 503.302207608 -11.0034258637
5 477.205030298 -10.4246628727
6 474.538231806 -10.3726341443
7 505.186546167 -10.8365371628
8 417.965608012 -9.15256875789
9 522.639558405 -11.5108962221
10 509.591376791 -11.0487768707
11 526.109804251 -11.1559202543
12 486.245261302 -10.9706266483
13 498.847922793 -11.0913455774
14 478.596329443 -10.2633892529
15 465.361212889 -10.2712839823
16 476.196151643 -10.3101402527
17 546.375458919 -11.5857595641
18 477.19161849 -10.1151147673
19 544.383790746 -11.9257662232
20 523.893910227 -11.4443244459
21 501.188301733 -11.0890392159
22 457.333205723 -9.86801517294
23 465.251798129 -9.99005685748
24 479.527570113 -10.4275417725
25 573.216520184 -11.8902934683
26 483.004896716 -10.0579312504
27 423.283938266 -9.48827053166
28 513.921171556 -11.1474682288
29 451.662311874 -9.7488519285
30 540.955757152 -11.4752704663
31 443.922988241 -9.69561888526
32 474.149266931 -10.2391764822
33 446.726029457 -9.91555370508
34 538.576816661 -11.633449225
35 446.171497351 -9.87859364702
36 450.799784535 -9.70655674119
37 443.783150601 -9.5415865956
38 477.080379644 -10.4722917098
39 479.849490032 -9.9085103
40 515.215788863 -10.9812442618
41 495.406297334 -11.0236549948
42 484.907862294 -10.1705203615
43 438.770986097 -9.73514707603
44 527.90933871 -11.0813434472
45 466.979508267 -10.1891448602
46 456.170340209 -9.8887635139
47 427.755300232 -9.12469009278
48 534.737191963 -11.2948906049
49 512.462506631 -10.9120479988
50 386.231285445 -8.72463132005
51 480.784189926 -10.2666330656
52 478.008634067 -10.3318118811
53 459.209933185 -10.1287906062
54 557.8873081 -11.6091029818
55 460.750116966 -10.0131689414
56 512.040425038 -10.815538684
57 454.279061205 -9.49576600882
58 495.40154847 -10.633778723
59 443.672450802 -9.34885284445
60 494.486439649 -10.1563588807
61 450.84252187 -9.35750604061
62 521.283644817 -11.0348052796
63 492.465298738 -10.4757862147
