0 525.357874089 -12.707759645
1 496.092191762 -13.5084682235
2 487.035618384 -11.6820463042
3 638.904221305 -15.069079493
4 528.039585872 -12.8595427439
5 467.747158605 -11.6363433888
6 403.323361083 -10.3489628311
7 551.009642536 -13.2409389347
8 489.885508548 -11.9773331951
9 548.812753211 -12.7885861237
10 585.179199453 -13.1929142432
11 573.928495071 -14.0540484864
12 571.039189567 -14.574546585
13 556.632793713 -12.451980577
14 463.047531726 -11.6594572376
15 537.648848033 -12.9361865958
16 478.245116924 -10.9032218049
17 525.297247069 -12.7194723158
18 504.731890381 -12.3420997284
19 516.477757784 -12.1944907952
20 610.932015697 -13.7928203723
21 461.376703452 -11.1103297398
22 566.208680116 -14.2394380343
23 548.496922479 -13.519751335
24 481.251787765 -11.1290878336
25 472.414318792 -10.7746367223
26 535.359276533 -12.0740774837
27 546.673745127 -13.435207162
28 453.257868578 -11.2896795413
29 479.413552649 -11.855333032
30 429.610727185 -11.0571637008
31 624.796731674 -14.2334803654
32 527.25085668 -12.3651550542
33 504.635959879 -12.5524382587
34 592.617492284 -13.9481064735
35 487.047359124 -12.4320095256
36 603.745315514 -12.9851211011
37 507.679451686 -11.7354148664
38 497.20161809 -11.9889521084
39 499.578254914 -12.0335147781
40 496.599666198 -11.6879708803
41 508.227416103 -11.6932561993
42 497.610523796 -12.477620991
43 489.234740926 -12.1913424436
44 463.257069702 -11.6894888288
45 550.211629578 -13.1151087868
46 605.94377419 -14.351951331
47 491.35289803 -11.4658529227
48 502.267910473 -12.0839963012
49 478.233636026 -11.3020643058
50 496.010605269 -11.3361066177
51 486.858527818 -12.2195786759
52 613.701548045 -13.6599284956
53 527.962855237 -12.8237742816
54 488.365663743 -12.1993448465
55 503.91124847 -12.6064911045
56 589.272439336 -14.5034153577
57 539.164501593 -13.2072536805
58 503.802438158 -12.2600170012
59 619.916459656 -12.8683175141
60 424.93819623 -10.4165910632
61 514.086882197 -12.6083566668
62 580.851412591 -12.5415697025
63 449.157560856 -10.5950640705
