0 610.756058551 -14.941723477
1 638.495134574 -17.1463061665
2 615.544199194 -14.9310969096
3 605.12413209 -14.6659684906
4 628.560802085 -15.3708485386
5 645.240385486 -15.6535758106
6 466.844046425 -11.2837924882
7 617.096623339 -15.2015765085
8 599.050287717 -14.4271172724
9 548.378467172 -13.3034722605
10 553.540504315 -13.4793248611
11 587.896718194 -14.4004457753
12 507.519631017 -12.8621962287
13 507.082775953 -12.5868709211
14 516.794271012 -12.4692222553
15 557.589500889 -13.4938201035
16 590.518237055 -14.1591661213
17 535.353685055 -13.2902454716
18 597.127503769 -14.7694758506
19 491.0168077 -12.0269089858
20 519.703093027 -12.9263375312
21 599.420150843 -15.0039069867
22 582.835037443 -14.1226297164
23 554.619243219 -13.7826523443
24 600.212508012 -14.4636549644
25 522.286583487 -12.6707299621
26 640.948626138 -15.5986169547
27 618.265320391 -15.1319828855
28 591.800629465 -14.2127681535
29 583.511990227 -13.9132140554
30 613.06488927 -15.2954874887
31 574.035352102 -14.1638100573
32 549.600239818 -13.2269769872
33 573.226321523 -13.6528217131
34 579.481205075 -14.1923116516
35 541.026828911 -13.2990577789
36 640.14705456 -15.2247937543
37 531.467628993 -12.5371806897
38 658.855368378 -16.0572476894
39 644.728002991 -15.9886721549
40 687.134015742 -16.6016508108
41 569.344495423 -13.7667278911
42 657.977889835 -15.7702611147
43 624.028204758 -15.0736732178
44 599.321575915 -14.6505517084
45 618.161636015 -14.8985633026
46 602.780726797 -14.6409158612
47 588.632189737 -14.3172516593
48 459.871471385 -11.3137716921
49 543.743236877 -13.3208980923
50 566.457702846 -13.7556356736
51 582.885855228 -14.1867344086
52 555.259421536 -13.3405825083
53 564.042437587 -13.1732677367
54 556.646184388 -13.822335723
55 629.400847261 -15.3000506061
56 520.271237372 -12.9771900551
57 572.141337667 -13.9005786115
58 561.184051781 -13.433527541
59 583.444704853 -13.7811390769
60 620.295763975 -14.5742055871
61 627.083462327 -14.9642619798
62 580.670849646 -14.1578632782
63 609.110022562 -14.5789943536
