0 474.039499451 -9.49879387892
1 481.715305223 -10.950346167
2 509.202443966 -10.3382931697
3 481.892107194 -9.9371466047
4 551.011379825 -10.8940385723
5 501.41767496 -10.0607285507
6 482.406664819 -9.60612347595
7 525.081962128 -10.2690812861
8 493.623927796 -10.1450829716
9 542.690176077 -10.9115581324
10 490.472227535 -9.74289733793
11 477.251501986 -9.75795171816
12 556.495633052 -11.6657184027
13 527.458718423 -10.7518490192
14 653.3623568 -12.7110976363
15 583.702318502 -11.598840314
16 488.973416036 -9.88628433659
17 433.015316537 -8.790164218
18 487.403346453 -9.81429818873
19 644.245992034 -13.0754634959
20 580.377486878 -12.1980258413
21 475.650771381 -9.35019215873
22 509.877262574 -10.6260406466
23 531.197589478 -9.64801817304
24 527.407574685 -9.90667995784
25 508.770531055 -10.477184858
26 488.788945414 -9.69474284572
27 535.979950932 -11.2400909486
28 479.753364807 -9.78358428141
29 494.671574513 -10.1509350071
30 527.3484689 -10.7732550233
31 478.352180729 -9.4476547924
32 492.980133289 -9.88130428357
33 529.775694926 -10.2439400798
34 499.384676873 -10.0367518066
35 538.631331318 -10.4227981058
36 601.631602637 -11.2217702342
37 513.283485928 -10.3460379235
38 524.474027992 -10.0365118412
39 533.135721961 -10.6314594019
40 450.768805774 -8.98255336723
41 545.799836122 -11.0424662984
42 478.499678062 -9.40885157578
43 587.993306107 -11.7032669969
44 528.724930596 -10.4512755511
45 553.685301289 -11.0123169061
46 589.944670311 -11.9002998129
47 591.190535859 -11.8595161409
48 561.647973753 -11.2486118999
49 560.549364762 -11.4873365818
50 551.728252838 -10.5096106619
51 497.45814821 -10.0586522808
52 523.222972671 -10.1719097842
53 587.297388523 -11.60863953
54 585.529690515 -11.1261953685
55 531.752023837 -10.2446446057
56 490.346761579 -9.34057373553
57 545.097368713 -11.1171635889
58 448.256504232 -8.93611620729
59 420.15637721 -8.64503619011
60 475.369765941 -9.51277041866
61 468.336408309 -9.15520218835
62 523.449891158 -10.6403246925
63 601.800089799 -11.0084154783
