0 420.225186828 -9.96432914186
1 342.723267916 -9.94850885182
2 420.309066557 -10.6907544916
3 390.164671668 -9.59473140061
4 392.749593491 -10.03647535
5 371.069125578 -9.68868075289
6 378.515118284 -9.63734143833
7 338.596699178 -8.70987375249
8 369.476786958 -9.38510623489
9 331.431212546 -8.64016105603
10 360.056572704 -9.24807225567
11 374.824022304 -9.7025972213
12 371.94529448 -9.97036979339
13 344.937468425 -8.9491358035
14 343.375055369 -8.97734722542
15 409.463498234 -10.500918701
16 350.253736759 -8.83038556346
17 364.662987196 -9.44036126016
18 359.556587075 -9.03397988527
19 352.89626928 -9.39365686418
20 344.016291096 -8.70403943642
21 346.221602818 -8.92754259077
22 361.629627624 -9.15316870534
23 325.775690256 -8.12630908966
24 339.836683665 -8.59825641322
25 351.174328965 -8.97952784259
26 378.304903023 -9.45921397085
27 424.392938666 -10.947505332
28 406.19565748 -10.0250772154
29 416.464440496 -10.1311063059
30 399.470282006 -10.0109973922
31 399.905319774 -10.3399310179
32 359.778520924 -8.92547451462
33 419.724941852 -10.1266663519
34 338.09333779 -8.80850292275
35 340.222560134 -8.74671703992
36 382.461751375 -9.48427486613
37 330.717177614 -8.6287491719
38 386.266198424 -9.42185835701
39 485.977806298 -12.1591669541
40 472.70620508 -11.8239327918
41 360.415464903 -9.17930430334
42 404.217592991 -10.166695874
43 417.367350885 -10.551901787
44 373.961673511 -9.7328871171
45 338.374523089 -8.75730299257
46 408.922084314 -10.3703400796
47 383.570121935 -9.44550704487
48 378.308002345 -9.30330167696
49 383.320755416 -9.84266028458
50 421.456302291 -10.5109443692
51 389.719990171 -9.84887095272
52 356.961870846 -9.41114738483
53 316.034239202 -8.13901580105
54 404.266655567 -10.051474276
55 378.372824079 -9.16567466044
56 367.561480625 -9.41203279315
57 384.857049389 -9.75820608852
58 345.255881564 -8.83926480013
59 432.654243965 -10.8042090751
60 379.519564313 -9.50978226131
61 354.90359403 -9.0757259729
62 357.920162476 -9.13167164548
63 408.839897615 -9.93055217934
