0 489.933120838 -9.86784476208
1 465.702362542 -10.6385571555
2 447.578067873 -8.56680903164
3 487.034382189 -10.1014418566
4 428.782994556 -8.79985297834
5 452.118915945 -9.03410126009
6 521.261987243 -10.4885982184
7 437.89674561 -9.43395610019
8 417.330591616 -8.89448422682
9 448.036335622 -9.56266671882
10 444.350100946 -9.09542060792
11 477.841857616 -10.0389145762
12 397.111931854 -8.46498192347
13 403.661560306 -8.73350208832
14 452.198696621 -9.525259397
15 453.786954621 -8.45830630644
16 483.5517672 -8.67613716747
17 445.927320112 -9.12961951046
18 408.853722783 -8.77749107041
19 444.689046403 -9.36838412227
20 427.843790302 -9.15642499834
21 479.278495741 -9.591939345
22 429.847388146 -8.73842127216
23 446.853360961 -8.69911585113
24 436.631994135 -8.64308627277
25 436.912524508 -8.89523335724
26 435.438443288 -8.95863030519
27 416.618259497 -8.56906129085
28 434.964335867 -9.14630261588
29 477.510310006 -9.64127373047
30 426.461000675 -8.5079582938
31 446.448958593 -8.63313504498
32 432.245751662 -9.20008341714
33 475.606810631 -9.20324144265
34 482.787413955 -9.94985071713
35 447.144667936 -9.76033685096
36 416.327264128 -8.42569433907
37 392.382599048 -8.28427641737
38 493.538286694 -9.9351872243
39 471.950064894 -9.96224216999
40 455.612003614 -9.29595297804
41 462.758612059 -9.79055106303
42 467.546842371 -9.00486908111
43 481.912202676 -10.099812747
44 419.581326634 -8.4828508403
45 435.148988815 -9.22495157255
46 451.966220873 -9.24232034775
47 430.654465154 -9.07719911754
48 446.031328468 -8.98385510855
49 417.091025805 -8.84629693963
50 411.507582842 -8.47986351817
51 461.690266173 -9.33426685867
52 435.487404456 -8.46958418162
53 485.319315569 -10.0145457934
54 444.796219023 -9.34640704158
55 435.844996575 -8.87933743772
56 476.509402092 -9.70075706455
57 419.935892563 -8.91142399833
58 443.910724947 -8.90132882289
59 525.00006349 -10.4212093304
60 478.030151447 -9.96609502432
61 436.643966521 -8.13147282048
62 428.965547373 -9.00910391887
63 483.644244173 -9.58942880256
