0 465.334119974 -9.44414628649
1 485.481350718 -10.9135010915
2 561.98999571 -10.9495168794
3 490.291786148 -9.32731236125
4 512.924810001 -10.2014025466
5 489.652021021 -9.7769643703
6 568.214429896 -10.5924253795
7 477.034521791 -9.42600472603
8 603.648271569 -11.4088789011
9 527.16441728 -10.4182081257
10 533.633208867 -10.3338660884
11 494.163758167 -9.80490606534
12 567.606215199 -11.7378148059
13 494.507820531 -9.28334235446
14 500.736724656 -9.9186943588
15 490.844716912 -9.40712963842
16 525.012602336 -10.2097722313
17 438.697993333 -8.65388687429
18 434.931587092 -8.67408996502
19 474.380736999 -9.30953562382
20 550.088670773 -10.8152659945
21 504.759773374 -9.70090449739
22 462.26352898 -8.97737725905
23 461.177976425 -9.11768517348
24 459.679723226 -9.17979931438
25 475.698711282 -9.46605540623
26 482.543902438 -9.27978543441
27 507.415789893 -10.3326930456
28 504.107411637 -9.65486737146
29 503.370785395 -9.60409515768
30 514.408970988 -9.78012578351
31 554.44254423 -10.8950048355
32 482.167410941 -9.89022275547
33 507.529050558 -9.95293763382
34 515.591652275 -9.92343924433
35 502.198108955 -9.82392172767
36 420.339194639 -8.73858750894
37 502.770020216 -9.11209742895
38 511.608042985 -10.0021381961
39 499.379797193 -10.0175723897
40 568.170973869 -11.0357014473
41 495.885275191 -10.1291465259
42 482.560768481 -9.30897707136
43 542.427841798 -10.6014349831
44 511.111350622 -10.1726581406
45 470.918375518 -9.26609219662
46 564.200347324 -10.5218769916
47 484.336942188 -9.84804428745
48 454.935500052 -9.14540728401
49 562.203859708 -11.1434767121
50 495.770363086 -9.36999562167
51 521.825658471 -10.751863929
52 561.574257702 -10.8256540743
53 531.13885038 -10.2017874904
54 504.390767312 -9.81040184493
55 442.498351017 -8.89329201652
56 512.954477789 -9.77515257711
57 577.644703381 -11.7779292463
58 500.872872601 -9.8724430551
59 573.471620496 -10.8444514449
60 529.903988284 -10.2693790753
61 493.054565722 -9.2821529548
62 494.344627634 -9.94917380369
63 485.263738987 -9.09093397866
