0 575.6654796363171 -11.446908342387383
1 552.1338339811638 -12.215680768065228
2 465.8772910059168 -9.38588692961522
3 618.5908177578667 -12.179082699627061
4 522.6197687233762 -10.31325563845359
5 538.5937533107885 -10.640561603387523
6 496.1616121578371 -9.945579679650434
7 623.1195343676067 -11.899487624966609
8 604.173484519175 -11.992343793292388
9 584.8451781700116 -11.602754554349874
10 584.5815518969124 -11.584373754532427
11 543.719141924718 -10.919174753723775
12 542.0796770955857 -10.951271168126182
13 524.0845635505475 -10.495875730051226
14 555.9459945924239 -11.05025344834172
15 493.9195370338963 -10.1251499784319
16 496.9284204279062 -9.690174183718275
17 524.50625462709 -10.491555429203924
18 578.9727513090955 -11.47577855462036
19 484.3466437470384 -9.63087065609269
20 537.9636803074523 -10.973671878770787
21 518.1806976285508 -10.438392769790847
22 613.7394820185343 -11.693130916060259
23 502.66773498550396 -10.110039345854805
24 477.7137949902526 -9.59809511113144
25 533.9051400429886 -10.702143991984887
26 630.7502091968813 -12.327669729746715
27 539.4844694450952 -10.410650102395707
28 526.3362338328176 -10.575825725478632
29 582.2002817428265 -11.702600302694288
30 519.3823276512205 -10.04611582759473
31 543.9968978069892 -10.662349082083491
32 564.6089183707386 -11.12516403443791
33 518.8161001635133 -10.498465369487194
34 601.2417641449824 -11.570269395106234
35 534.0275810502815 -10.825002254275033
36 551.8603729046872 -10.472891969739882
37 563.9775934837531 -11.07431683888994
38 519.2287909669158 -10.673804885390895
39 488.2351962635252 -9.417881007863345
40 529.9377830951896 -10.240997978355125
41 484.42346786617753 -9.64773087084945
42 521.0453054629436 -10.41684650301477
43 539.5761933312515 -10.948811684076801
44 608.3702592746754 -11.740431758237781
45 542.5282786844646 -10.82156344542836
46 512.9221910072922 -10.029671212076286
47 516.2131574441913 -9.973907323114764
48 411.2457520022441 -8.205299455051334
49 594.9269158147608 -11.580568139936295
50 489.50276088876143 -10.01447359194655
51 566.0095563995345 -11.060752880780347
52 497.553886454165 -9.995600410520595
53 508.99893465570733 -10.146121710991824
54 483.2716002976258 -9.503789369409377
55 487.127748943294 -9.796527527957766
56 515.7982072372163 -10.434989053921992
57 513.7887993065282 -10.210231452722827
58 525.9655600631627 -10.119013338075337
59 487.1628561246715 -9.713795406143504
60 528.2491512705062 -10.704039429421078
61 536.3452440412017 -10.721897202781713
62 574.9317679303671 -11.37446320726212
63 513.7766336518657 -10.313469120921555
