0 382.853872837 -9.15661542735
1 394.428658568 -10.0539601703
2 393.021754891 -9.73185696199
3 363.465655661 -8.64723046995
4 348.312827775 -8.259878476
5 381.632911494 -9.43371949225
6 337.778833339 -8.06949643745
7 347.112281495 -7.97984112708
8 418.926930809 -10.0334722739
9 404.620873629 -9.60383393833
10 448.744087332 -10.7097339389
11 409.404315366 -10.1272583473
12 361.724223271 -9.21627624074
13 394.612707994 -9.09055892671
14 389.959644955 -9.11556042021
15 379.25552042 -9.0838608591
16 445.58365393 -10.2888372411
17 397.728669223 -9.80053752528
18 356.726224319 -8.54542567504
19 384.449698513 -9.32886227604
20 464.295435873 -10.7687414778
21 357.602378485 -8.77214360804
22 453.746037737 -10.8557976656
23 381.537599967 -9.26977819691
24 410.390960707 -9.67302174408
25 422.411752649 -9.91589512619
26 407.55606556 -9.68366428493
27 367.219024833 -8.78419671271
28 398.570472298 -9.44198527049
29 410.313562718 -9.61448542308
30 441.293978019 -10.3866255353
31 404.348773355 -9.67398128345
32 396.870073615 -9.68859687443
33 411.899634875 -9.76121739493
34 383.447748521 -9.10133887799
35 364.986275312 -8.63501844436
36 416.439781849 -9.78212302758
37 423.863037045 -10.2800238536
38 389.335308913 -9.12425074501
39 418.125798436 -9.37330339598
40 344.385181446 -8.30597552296
41 386.819257776 -9.35325890233
42 391.473250455 -9.40201220642
43 351.806178055 -8.7139128192
44 371.561271917 -8.78683896078
45 428.198889181 -10.4938180862
46 451.886686622 -10.7025623999
47 324.434958957 -7.91451476688
48 425.818023548 -10.3197266573
49 398.599789098 -9.68955540694
50 408.146650558 -9.95367863977
51 408.401774624 -9.37014147029
52 419.067508556 -9.91083855612
53 413.378239499 -9.95201664256
54 322.755786477 -7.89863880579
55 424.998776158 -10.2244197582
56 410.41660672 -9.82286011224
57 366.759268454 -8.40234768953
58 411.144829608 -9.55909938876
59 351.039802628 -8.17343224754
60 387.082154784 -9.25870089741
61 439.708992138 -10.5138293433
62 404.664355806 -9.95588405701
63 319.002510534 -7.62322044417
