0 386.722937307 -9.35112394391
1 390.643415057 -10.8217889497
2 416.376990558 -10.2001522292
3 416.320806617 -10.5239466147
4 386.126439127 -9.75684069052
5 366.493057205 -9.38594646307
6 405.87045747 -10.1420445579
7 355.486707798 -8.84977570663
8 359.90544504 -8.87472995361
9 372.823856228 -9.40906225024
10 373.045103447 -9.38277439939
11 396.928983392 -9.99946042495
12 453.666799406 -11.727259006
13 407.430571245 -10.2189218428
14 388.255682719 -9.65299698067
15 411.806876054 -10.193180728
16 386.772715771 -9.63350119924
17 438.821601533 -10.7237208566
18 402.452720866 -9.90162087458
19 427.112954144 -10.6358385273
20 377.584481801 -9.3443481105
21 349.358823153 -8.67887076653
22 401.282749346 -9.78835587429
23 396.904996611 -9.91827249192
24 408.474754655 -9.90810300539
25 410.364221816 -10.051553191
26 419.211440778 -10.0272926646
27 407.180755834 -10.2409845493
28 434.328796157 -10.6624790988
29 427.844238719 -10.6130283597
30 385.696439179 -9.5482912135
31 455.277230556 -10.7981476497
32 358.757043411 -9.11302166389
33 340.748004087 -8.5437113916
34 445.778500179 -10.8448189824
35 375.583913209 -9.29547831414
36 353.793679894 -8.72523113277
37 400.394718115 -10.0155691674
38 376.757251607 -9.50051887435
39 406.259029442 -10.2855450563
40 401.799767563 -9.73945102508
41 449.809039518 -11.2271867116
42 409.322334481 -9.93455152041
43 411.017961155 -10.1798800374
44 389.607401113 -9.64337581094
45 404.006716367 -9.95830912688
46 391.92711334 -9.40037252349
47 404.417981793 -10.0145585228
48 401.757473334 -10.1349993495
49 407.18558324 -10.003714306
50 421.935377974 -10.4532287671
51 390.946290692 -9.41318412844
52 337.09701328 -8.59907332689
53 397.639139091 -10.0028048316
54 369.351670542 -9.44081710755
55 409.900359461 -10.0354345181
56 391.285687545 -9.31765259035
57 422.004567309 -10.6835079232
58 452.049620823 -11.222113291
59 378.141481039 -9.19972184252
60 402.206846141 -9.82438980192
61 403.394679683 -10.101376503
62 370.558021719 -9.07485735051
63 392.015277775 -9.59203693758
