0 381.6455022955217 -8.442139170467934
1 387.3113566550015 -8.986315345824478
2 381.28164783524 -8.540576639508666
3 491.4271251289241 -10.114283981955223
4 444.74399357599447 -9.321731428369063
5 442.7608417506905 -9.065487976229402
6 394.0730029967918 -8.556719763255423
7 439.80429363533 -9.583974405248005
8 444.03171180170676 -9.535389090355379
9 445.71912418564 -9.49350359751519
10 455.03218714385616 -9.623331947041923
11 406.6312134225296 -9.022638360251495
12 385.85079679261554 -8.59392320569713
13 482.8144191925146 -10.143263048397634
14 426.9931641360366 -9.112489842400265
15 499.22562610106746 -10.512807926000724
16 437.4139572553488 -9.301928972752075
17 435.14424156524007 -9.190643144935597
18 459.37639692390167 -9.695070588882237
19 455.7399111564323 -9.439324420238806
20 440.50828878294817 -9.757712451017099
21 398.14899775797863 -8.283149177996966
22 395.2833724698723 -8.472636989341373
23 431.3160656025802 -8.823117719751508
24 419.2192689147437 -8.759760451402641
25 424.6608857101098 -9.268041189251688
26 466.0705961233735 -9.566386419618562
27 389.30198702465265 -8.410455260901074
28 470.29331674210164 -9.962529398201655
29 430.8445815441694 -9.382028190988812
30 406.1168670393739 -8.383328206308565
31 441.290990531584 -9.221896284995236
32 403.8045406886039 -8.182730023755898
33 411.46854596169356 -8.540406397535945
34 408.99932444995557 -8.614918846539497
35 438.68053509646325 -8.920764972865953
36 372.52604394482046 -7.510106191119561
37 476.7271734481349 -9.908887630985218
38 412.97749579641055 -8.755144385614017
39 417.55698431174426 -8.909532605021933
40 412.52345957424416 -8.466189747070985
41 365.6777047312125 -7.9239222483549545
42 405.13781083503125 -8.205369730712981
43 376.506188831562 -8.053125142867815
44 445.554040260846 -10.000889294039276
45 399.30776028517215 -8.679213127119109
46 433.8802233459621 -8.901692346710155
47 476.147480803523 -9.500019481304763
48 450.7633768699031 -9.172158202771348
49 488.0082243767849 -10.412770430761336
50 427.550714330968 -9.125057064707212
51 353.27394167164863 -7.38496245928908
52 437.48598828352283 -9.14564200323593
53 406.1293544625685 -8.159308621377152
54 425.82808844322983 -9.15525252898866
55 459.18655764998437 -9.83308555014535
56 453.47700602783505 -9.231345853076824
57 424.6215750580348 -8.99140084746806
58 460.90580923676544 -9.34783988691737
59 411.4886516755297 -8.819075375041308
60 468.6184594924764 -10.002673981096677
61 422.1396338882999 -8.567316687812708
62 439.59914889353354 -9.24837438041524
63 452.88535053551055 -8.875857060854669
