0 413.967798698 -8.40808748054
1 410.342680846 -9.77972878047
2 434.068432776 -8.79827397011
3 415.339530773 -8.57736219152
4 349.251803341 -7.57610835401
5 385.825666634 -8.47266361111
6 427.775929893 -8.81403642835
7 368.347327965 -7.84956202191
8 364.856691287 -7.78430145441
9 433.527016074 -8.84851610438
10 426.668255594 -8.43189816394
11 435.513888811 -9.27092634029
12 378.67471401 -8.47135093312
13 457.769389072 -9.23232616499
14 405.336721784 -8.59264997475
15 455.214556262 -9.51284245509
16 457.173026777 -9.56302232266
17 447.184474834 -9.44712377869
18 426.724822105 -9.11116651613
19 360.494447342 -7.42495214348
20 396.320681212 -8.22652359619
21 415.4449933 -8.88417851507
22 361.262221597 -7.59451906315
23 456.273416969 -9.57255315553
24 443.63494856 -9.34602538641
25 396.483243961 -8.549372618
26 434.616309534 -8.89948992204
27 409.079082145 -8.69375460524
28 412.153965968 -8.58681070022
29 403.968457821 -8.89764680684
30 443.585631873 -9.41435516879
31 434.573004409 -9.07962032346
32 415.398153192 -8.90797166566
33 383.998361804 -7.99291359833
34 408.580610874 -8.79992656491
35 400.601783489 -8.67200129153
36 428.177561872 -8.86758427772
37 418.417940757 -8.81039468134
38 423.574902475 -8.67598339813
39 364.101501334 -7.59248139997
40 373.958585132 -7.90878052386
41 481.518859245 -10.3040639326
42 444.013225032 -9.01526760399
43 430.246602675 -8.81618850456
44 402.747224065 -8.09863587894
45 364.590838617 -7.58545524018
46 394.634938636 -7.94990453357
47 368.459169926 -8.0543474077
48 471.745478181 -9.94744281583
49 397.346768752 -8.26629801019
50 406.95895147 -8.66809774142
51 387.149626683 -8.51171344751
52 423.954440017 -8.92204752241
53 422.656116493 -8.88314941085
54 481.51939465 -9.6206530923
55 524.401035997 -11.2734966626
56 386.321191623 -8.24218513374
57 451.172221793 -9.2207669377
58 404.140971429 -8.44491769467
59 382.081646557 -8.21936149223
60 376.361599821 -8.04007937931
61 434.800034876 -8.92752447576
62 377.587216913 -8.25491547662
63 377.694571514 -7.40055340985
