0 380.036475349 -7.96248289533
1 441.356441537 -10.3772983475
2 368.471206344 -8.11635003546
3 371.692387253 -8.31295838041
4 423.327445811 -8.73702031751
5 457.337486932 -9.77326542059
6 404.999440617 -8.68050937652
7 363.929553735 -7.88903210126
8 370.230342977 -8.09034729685
9 396.127265619 -8.65396264968
10 389.256421408 -8.38061970059
11 326.396065717 -7.10763507328
12 373.915656401 -8.53346468522
13 392.468720269 -8.79547613948
14 376.45498464 -8.10106508178
15 388.125626502 -8.11200570641
16 421.19038477 -8.94559351286
17 440.158539325 -9.38399669797
18 438.349507298 -9.4261393264
19 0 0
20 381.567044283 -8.21889549893
21 407.784268291 -8.84568530346
22 390.302258228 -8.32839813151
23 357.555178492 -7.69737073091
24 421.976273117 -8.97295601344
25 401.743692369 -8.86627066032
26 370.547621532 -8.24636562248
27 453.348054458 -9.53094358577
28 407.861503371 -8.69560185212
29 389.266496003 -8.4624810672
30 418.031527398 -8.92030266765
31 385.296791623 -8.21662183294
32 381.783690941 -8.34937311092
33 469.903355231 -9.77059876665
34 426.541736916 -9.0330389476
35 389.464613908 -8.19583381484
36 329.269542632 -7.0598258608
37 384.385347488 -8.54721491927
38 384.800835211 -8.2918761104
39 386.941485363 -8.26865255162
40 381.867063113 -8.15592556205
41 374.361376107 -8.14517789202
42 476.81636497 -8.84457880592
43 432.465151632 -9.23709379128
44 345.719287677 -7.29614026325
45 405.609326504 -8.81727748629
46 388.033437354 -8.01055873634
47 405.437646146 -8.74223283726
48 336.60691077 -7.45554934455
49 401.762339906 -8.51593326686
50 399.914924562 -8.87225036159
51 420.927308525 -9.31349836023
52 403.196602301 -8.44640818303
53 383.198719444 -8.32904404244
54 359.84961819 -7.93119645861
55 367.09665616 -8.00105149663
56 478.804452554 -10.2668340892
57 373.082666261 -8.14633742359
58 367.785220181 -8.05090756895
59 368.808503937 -8.01561636932
60 416.729784238 -8.81788488943
61 409.290552985 -8.50673950459
62 445.97728619 -10.0237610799
63 389.119115959 -8.21932230524
