0 587.594407569 -10.350653179
1 419.895747507 -8.3621740762
2 485.657736558 -9.34584295624
3 494.518802291 -10.1415381701
4 467.744526957 -9.46717274576
5 499.392236671 -9.13234294854
6 564.238012651 -10.4646791358
7 516.570393348 -9.2875472291
8 447.353192847 -9.0104577794
9 452.124958055 -8.44005239998
10 474.273336889 -9.55381406289
11 427.38385854 -7.62857461762
12 436.342517292 -7.7336694972
13 490.44252144 -9.52716322504
14 476.835001598 -9.6600705418
15 475.544073993 -8.45169054185
16 494.355166014 -8.32733263011
17 557.236856421 -10.777886319
18 486.126228306 -9.27607323735
19 475.159846336 -9.20681858509
20 456.915981637 -8.99669700314
21 431.23059351 -8.70550644553
22 520.904579981 -10.1505311859
23 501.560022351 -9.05355470258
24 553.851738333 -9.22550298873
25 502.646943368 -9.59388024792
26 492.548355929 -9.45961181686
27 422.773858629 -8.79464503657
28 464.477225631 -8.74508398868
29 502.762352651 -9.53715104457
30 470.363834053 -9.30178526776
31 491.986989901 -9.48156917844
32 465.149219469 -9.44078507383
33 514.799744148 -8.05379716903
34 562.970359709 -8.64928843438
35 449.237730856 -8.71288364708
36 510.501666153 -9.75513265047
37 408.567855923 -8.05371349964
38 480.52692295 -9.10816407807
39 470.232283522 -8.00419275044
40 465.547150281 -9.11558250084
41 419.547145188 -8.42086306195
42 461.667315652 -8.03498161854
43 481.527149623 -8.94003294371
44 437.909765742 -8.23631828626
45 429.174727897 -8.17906093167
46 591.000230714 -9.56935903337
47 510.418651211 -8.92644394163
48 418.191412552 -7.92247425757
49 490.322307507 -9.49592642875
50 488.136819155 -9.33999405893
51 439.180875434 -8.64880356206
52 504.836829746 -8.74610255021
53 455.484410625 -8.363437469
54 503.270609638 -9.92432463099
55 511.939161631 -9.60244786226
56 497.485214457 -9.88398183287
57 497.44157192 -9.61358958994
58 452.049723007 -7.8901786745
59 462.532745369 -8.77811148995
60 536.773060966 -10.4527545631
61 445.818168629 -8.60237708498
62 436.708987405 -8.61426106063
63 502.140708445 -9.99601300497
