0 502.80817607 -9.28509967698
1 425.550367075 -8.59376463066
2 509.587943766 -9.23617978301
3 503.244181128 -9.29592660846
4 436.829553704 -8.19190557029
5 526.060995112 -9.70467012593
6 458.669464629 -8.09752589902
7 525.177418216 -9.5385847184
8 470.092603883 -8.63906629137
9 382.262489551 -7.33624735067
10 507.697941155 -9.31118492309
11 502.800160063 -8.73105889464
12 518.515031901 -9.32178283713
13 449.932833548 -7.96199377485
14 469.501300893 -8.69824615083
15 476.345203857 -9.003611471
16 463.123256984 -8.30785821952
17 501.110165996 -9.24451763213
18 493.690272006 -8.35518949203
19 461.552333966 -8.54802800618
20 466.76617771 -8.75020633519
21 526.311790571 -9.71182860776
22 457.050399059 -8.21536900535
23 474.530576548 -8.83562037416
24 490.911466619 -8.41461018416
25 490.939808753 -9.04642743093
26 493.686339424 -8.85691187038
27 478.497226479 -8.79634442646
28 430.415453088 -7.53268158136
29 459.118122338 -8.40223495748
30 433.430272876 -7.936658472
31 541.609080574 -9.17360963159
32 468.141693412 -8.39619274343
33 554.997684959 -9.6775171271
34 537.445800294 -9.79933138279
35 477.492843892 -8.49588993927
36 455.527868686 -8.53579314318
37 588.378297137 -10.7462702816
38 452.096532215 -7.67514576599
39 465.758490151 -8.6647157948
40 535.981364022 -9.44745468458
41 531.057880191 -9.86889345876
42 472.153611967 -8.59343553552
43 546.68354892 -9.56899219021
44 491.454388432 -8.64558308491
45 475.658989103 -8.73533610546
46 550.013581241 -9.87123136175
47 494.753908154 -8.25223366019
48 478.476788484 -8.71745528654
49 518.447865984 -8.9964532894
50 478.107477329 -8.8965331748
51 523.741838439 -9.33216790511
52 0 0
53 482.274486448 -8.64055098241
54 545.031177888 -9.88129436886
55 498.146586599 -9.06378608912
56 456.92738042 -7.88932047977
57 454.827245741 -8.21173832511
58 540.710605805 -9.19433516891
59 513.523147402 -9.27035725342
60 470.859353058 -8.26675832367
61 521.409962664 -9.29784460944
62 521.629213626 -9.19000379863
63 493.946291271 -9.04809841898
