0 571.739793426 -13.550851149
1 521.598641644 -13.9404811415
2 515.869954255 -12.5440970034
3 526.40758382 -12.4389678124
4 508.426516868 -11.978133539
5 551.164702085 -12.9421350397
6 617.77142896 -14.8084421316
7 533.270531522 -13.03470706
8 515.124491788 -12.3586020615
9 567.358388033 -13.2681011023
10 581.434821878 -13.4438222181
11 471.58777553 -11.2006322504
12 603.262724312 -15.3704295685
13 647.972750848 -15.3657076437
14 505.703085516 -12.3621243533
15 490.160913353 -11.8167670034
16 545.191344011 -13.2993820813
17 464.572988756 -11.2174078141
18 520.408138591 -12.6739955057
19 597.815501532 -14.5058983079
20 599.649075641 -14.5077617615
21 530.7181086 -12.939094665
22 652.173227035 -15.2605974616
23 530.039299188 -12.9264125264
24 577.654118125 -13.6503009378
25 509.053123832 -12.1284137875
26 501.956959785 -12.0699575573
27 539.339851155 -13.2061190315
28 537.213161931 -12.7588666257
29 552.090127947 -13.2275743129
30 557.130525289 -13.2540733865
31 625.182456349 -14.9426617316
32 586.059145135 -13.9549628332
33 490.145651579 -11.8918261231
34 518.527960777 -12.3621636038
35 482.607676431 -11.7748837555
36 539.298001548 -12.7093520252
37 521.817179015 -12.6608653031
38 521.767804299 -12.5994233933
39 554.234985966 -13.2647507989
40 577.963510022 -13.4799736844
41 545.8078899 -13.1230917017
42 622.150902048 -14.477759218
43 555.966445726 -13.3870957396
44 501.918386397 -11.714505035
45 569.992930568 -13.3773854632
46 508.852824748 -12.4727864883
47 542.802993683 -13.052670332
48 557.72751275 -13.0214848544
49 599.23812205 -13.9639350932
50 567.833829408 -13.3925985394
51 574.711577705 -13.7567432637
52 617.421982437 -14.6095358112
53 561.794055115 -13.393421227
54 613.877971982 -14.545305457
55 546.163647693 -13.0220779031
56 527.481941268 -12.3266793718
57 592.201445723 -14.1700449225
58 586.907644925 -13.558249972
59 558.202855212 -12.8916606035
60 481.971475752 -11.4440344228
61 510.355340995 -11.7260413173
62 530.267062423 -12.6973159693
63 597.565156753 -13.3027223452
