0 494.202222276 -10.6885656159
1 537.667772261 -12.8655836362
2 483.145552258 -10.8672118898
3 558.636339937 -11.6897932774
4 463.128663476 -10.676702983
5 499.285762777 -11.732634424
6 460.46684385 -10.4537233661
7 442.217870813 -10.2706322996
8 505.643316201 -11.5835778145
9 561.303486439 -12.3112265241
10 433.287838664 -9.82381617955
11 472.8262449 -10.3639196292
12 489.721926278 -11.5590108122
13 527.679412185 -11.8654904742
14 464.230485367 -10.7731699193
15 466.820580608 -10.4208011115
16 464.702728559 -10.1888491925
17 414.469096885 -9.76867807155
18 504.905772526 -11.5711721044
19 477.3477101 -10.6102858494
20 417.34158937 -9.76526432226
21 475.076106566 -11.0326336896
22 488.570340398 -10.8856843234
23 501.293798983 -11.5029462462
24 443.295635329 -9.76986574898
25 466.909005467 -10.1399960197
26 481.170752671 -10.7104961346
27 439.906134166 -10.236762731
28 544.785382797 -12.3198852167
29 488.319566192 -10.7573047572
30 452.772050027 -9.93545064673
31 605.79845457 -13.1463198185
32 476.199136658 -11.1990731978
33 455.732899447 -10.5227400269
34 414.88851835 -9.72310156137
35 484.754316987 -11.3837616652
36 457.369066358 -10.2876447219
37 474.980161571 -10.8474305523
38 507.319548947 -10.9225328443
39 499.603128518 -10.9721901498
40 528.251687176 -11.5406497947
41 483.701906306 -10.5619230161
42 443.323688621 -10.0927042609
43 449.443363497 -10.4949291791
44 453.145399415 -10.1445130736
45 502.182972426 -10.9190914159
46 454.554961761 -10.2571193009
47 430.486478231 -9.78921626506
48 503.515555642 -11.519119734
49 460.326417085 -10.5600528532
50 404.739657495 -9.26354147468
51 500.313977384 -10.9742653456
52 562.01177284 -12.8980147546
53 541.753407958 -11.6104850213
54 439.393062603 -9.48861403066
55 553.738251706 -12.5285964551
56 493.691015286 -11.2422485242
57 501.448649782 -11.2134085246
58 441.056058515 -10.4519135928
59 485.493680782 -11.2049750525
60 489.801383331 -10.9410862699
61 490.892650015 -10.7675834938
62 467.091298139 -10.5581796781
63 535.802195149 -11.6909316865
