0 465.225430204 -10.595736628
1 590.255819475 -14.8032866597
2 532.600235796 -12.8381355189
3 523.383443307 -12.0430717251
4 547.956905922 -12.689163835
5 564.206286107 -13.0135338438
6 500.677552977 -11.0197004793
7 525.821122647 -12.1795022508
8 498.591429431 -11.360695889
9 584.660243479 -13.2128116488
10 494.59606991 -11.4477714389
11 496.776171322 -11.418693598
12 532.506673525 -12.5341847714
13 555.251919045 -12.9379052855
14 506.744534629 -11.2403921412
15 541.50095788 -12.6144223201
16 505.064852792 -11.6607250841
17 503.673533424 -11.7555183067
18 405.889948844 -9.81999698577
19 506.774971884 -11.558953245
20 462.852637895 -10.7258173583
21 562.506131863 -12.4560225825
22 519.337949772 -11.7182265712
23 457.039076455 -10.2651888501
24 504.01984657 -11.664821455
25 604.210508868 -13.6629636486
26 590.7500262 -13.1900455248
27 543.89536248 -12.5143588003
28 475.272023785 -10.7098773396
29 534.743651638 -12.1380763682
30 464.762047497 -10.5331341727
31 523.325509397 -12.2910505182
32 466.313818604 -10.3696107807
33 493.088353041 -11.3433447232
34 517.913567286 -11.2776131935
35 553.431620457 -13.0575910351
36 421.356077912 -9.87984470545
37 540.319985984 -12.5682220151
38 469.905110084 -10.7186547783
39 576.266729734 -13.4893752009
40 501.458747695 -11.4017162723
41 567.360454778 -12.9997368799
42 516.910563757 -11.7116370788
43 486.146689605 -11.3817552921
44 551.464086432 -12.356434902
45 442.213090914 -10.1858024809
46 504.89882085 -11.6752807612
47 462.600135534 -10.6286122433
48 516.535930002 -11.6888061065
49 510.734406048 -11.5951577185
50 522.896125241 -11.7670171232
51 427.863510463 -9.96628995253
52 462.320462205 -10.4696752842
53 604.034416171 -13.3315477656
54 453.002583405 -10.5345055483
55 519.397144754 -11.7440830838
56 534.095484735 -12.4522046012
57 496.957589953 -11.0769135403
58 553.038502109 -12.4589635219
59 496.147563825 -11.3168544757
60 462.489295421 -10.2600321786
61 485.654607505 -11.553040566
62 490.597889332 -10.9193940443
63 516.438057907 -11.3466386399