0 494.79401981667337 -11.620341253565321
1 478.47476530584487 -13.535111497967376
2 607.7208570934886 -14.214816917919492
3 452.85620194449257 -11.158180277173212
4 480.09151973631117 -12.563711401177985
5 498.5455071562479 -12.18224294293676
6 467.5040170749168 -11.989005025536782
7 413.5226874803487 -11.007112628535115
8 436.46762676010167 -11.257230353864857
9 487.5130904549493 -12.70845700737576
10 452.97750640897374 -11.581156723720255
11 498.3398282809847 -13.04104993741784
12 473.2662632118079 -12.037852944152199
13 499.1686214438876 -13.031399631197012
14 525.5045485448433 -12.514364112780282
15 489.1214776623575 -12.817252520467388
16 430.1488217304063 -10.674318231329497
17 481.46984556341926 -11.65170556667612
18 471.5005160992184 -12.145674893831139
19 476.54504771183866 -12.417635955842089
20 445.37329678446713 -11.822344367292427
21 421.95725292028277 -11.107584954930724
22 451.9263720956382 -11.152573294590253
23 572.0417715669912 -14.30157362229411
24 484.29170785680446 -11.952487615311645
25 440.76126472624367 -11.602498381189937
26 0 0
27 485.23924409382107 -12.196775690111828
28 479.0760086925522 -12.279848317472073
29 526.1867740745173 -12.303287041052416
30 426.25760534251344 -10.762551000974069
31 474.5043348664458 -12.009591871760984
32 543.0594011014837 -13.307098535442174
33 483.04856771783636 -12.212584456013612
34 495.512511434431 -12.167002147138119
35 492.17137351662035 -11.946919613478979
36 452.65432347912065 -11.643467085268487
37 462.13222963468957 -12.571802816271674
38 492.74703799124666 -12.662338808352773
39 487.5543058020872 -12.088263911190602
40 532.9384189791875 -13.502727487934756
41 496.37128990895746 -12.372040701608048
42 589.2824258838217 -13.356340019422802
43 460.4502720750352 -11.688370256827131
44 498.0956660167754 -12.20772910067023
45 489.12200370125873 -12.484792604363022
46 451.9236479108618 -10.941891669310804
47 543.2281519268439 -13.639145375188075
48 538.0687242645467 -12.608170167624188
49 489.5536613654915 -12.568846067091327
50 511.2379899266467 -12.684872250392278
51 617.6736667419511 -13.827429003617704
52 556.609072922959 -13.86834804260666
53 535.5275148905267 -13.836125269982613
54 548.8433673007645 -13.232878267106127
55 446.19451054254426 -11.188343727119697
56 451.4495327029519 -11.66180417941927
57 479.2665149920891 -11.925967807087089
58 496.4178999046431 -11.977881284849708
59 505.01628926374 -12.935567312531965
60 0 0
61 472.9250993969882 -12.40363584600805
62 542.7641357893347 -13.523543509775294
63 0 0
