0 413.949256666 -8.97148238814
1 421.28451717 -10.3551623566
2 404.174974116 -9.1571571301
3 447.226097917 -9.96461234656
4 418.567303077 -9.84169855412
5 424.567405737 -9.26728340926
6 409.922133098 -9.52069146458
7 403.035887327 -9.33477189381
8 443.135369263 -10.4167694962
9 447.335304044 -9.90050246666
10 443.604412947 -9.65509728464
11 418.037905236 -9.53319648645
12 444.785372738 -10.5119549366
13 354.1767374 -8.31736935504
14 441.830452534 -10.4297397138
15 361.775585617 -8.28987808133
16 365.149343218 -8.14430958835
17 435.726442195 -9.212890117
18 456.202202516 -10.0707089898
19 400.736994097 -9.28297108542
20 467.081245193 -10.6259821409
21 427.407139327 -9.80935550877
22 421.690285212 -9.54821265797
23 395.962689123 -9.07412600314
24 403.321794168 -9.19046831042
25 442.719966738 -9.64672108209
26 436.082857808 -9.09668750668
27 388.4781895 -8.54072034815
28 447.330041826 -10.3425290596
29 431.724881837 -9.84690547859
30 435.388240731 -9.58303193189
31 421.050010802 -9.45998460135
32 425.837286654 -9.54462698849
33 412.294274695 -9.39785378183
34 421.015282601 -9.54422775983
35 448.561405756 -10.1086733314
36 407.944431633 -9.11398671167
37 396.928790345 -9.19633869743
38 400.118191165 -8.62925092609
39 434.7935182 -9.42053774433
40 461.806599548 -9.6810130588
41 432.967966979 -9.67032475943
42 452.044860548 -10.3361676962
43 411.625812915 -9.04481304209
44 418.346802971 -9.16102751895
45 423.6081613 -9.63815200283
46 431.946160295 -9.55070369843
47 446.788985715 -10.191854078
48 459.426756446 -10.02134106
49 427.795656642 -9.55951007551
50 410.679861941 -9.03444592504
51 476.350691139 -10.3959345915
52 464.89154117 -10.3008730867
53 440.827583425 -9.81761286883
54 434.553079261 -9.303536305
55 433.882192899 -9.64560829476
56 558.956956451 -12.1069906936
57 493.634524439 -10.8702982086
58 443.268054149 -9.77053726647
59 460.526058586 -10.4367984355
60 417.729806618 -9.38758692671
61 391.976134364 -8.77738877024
62 449.086564568 -10.1023562488
63 448.810627009 -10.5361151315
