0 431.84546110400885 -8.320412833744472
1 387.17698753133726 -8.319978565831848
2 379.64046270965946 -7.625274361977139
3 356.38335773201476 -6.492990318478939
4 418.486648411947 -8.424849633143355
5 388.5891744736547 -7.7113823555212
6 411.01873296773954 -7.801328923475499
7 391.47100883947024 -7.570422946656251
8 452.3986804642761 -8.12382010073761
9 461.8952532882466 -8.234519044045149
10 397.7594100593192 -6.698914911557894
11 414.41233376070414 -7.938100159773776
12 436.43408023499927 -8.83966424783878
13 419.0884028964913 -7.48815141206267
14 439.80007528652385 -7.540341403372891
15 451.5440371830675 -8.741632082117428
16 401.7998905510557 -7.940117267167139
17 395.0625113936225 -7.809782343441227
18 363.7209262752646 -7.20410737236071
19 381.7457059715705 -7.121713443951223
20 419.5007475256298 -7.7106711042560665
21 329.5111408997083 -6.415282415937126
22 425.4581866098637 -8.46575428357287
23 389.12462790681303 -7.935922646727647
24 480.41132673307584 -9.621549036529174
25 408.33848012284136 -8.136676473645462
26 429.5103600360104 -8.279624674360859
27 402.44756379191307 -7.225738242509767
28 413.5675426160921 -7.906698410751796
29 430.8128047871714 -8.442466541466688
30 450.7293443573035 -8.604888647294288
31 388.8475812800261 -7.366974266473743
32 384.9524806620298 -7.315449506571588
33 403.0698384481247 -8.246390428255957
34 415.3794472005735 -7.681086281994946
35 414.3449092667265 -7.301478609566963
36 457.5425989349427 -9.017520482457297
37 453.1446102751311 -8.86934058238405
38 375.0598167236088 -7.49268851056396
39 381.11638641062876 -7.1326270287354285
40 417.1645299821838 -8.000336785723027
41 343.3584597677484 -6.441809030788393
42 394.55652569319915 -7.2293893414281705
43 433.00585867184185 -7.8553285115591
44 410.2540249563003 -7.550719507320797
45 405.45043870189807 -7.954662588333937
46 431.02258178644587 -8.089095464610901
47 417.46978717729866 -7.684437057001812
48 479.69049345969665 -9.522397212917218
49 468.0782906722447 -8.556952286783138
50 389.2837859323669 -7.721130882798787
51 436.4636180822942 -8.744110946184941
52 436.20238816762355 -7.471745059721462
53 475.707826352785 -8.396274437731755
54 419.4143670040206 -8.284843047369193
55 475.21228454847204 -9.44726940117238
56 417.62041412206037 -7.965066324199091
57 421.55262351559935 -8.137333269065508
58 415.0846999540972 -8.313412114832891
59 443.013275470149 -8.15342583193588
60 424.4129740832341 -7.402671398562302
61 535.4621925574223 -10.191785389081021
62 440.9001203078909 -8.827526478510928
63 385.8248606516748 -7.355013505052214
