0 470.17512546877225 -10.103330971556334
1 474.15899775429784 -10.434834665388655
2 551.6254804598581 -11.565726997384708
3 485.1617666460734 -10.337351188649862
4 468.2470259665584 -9.30063323939387
5 521.9328809194353 -10.07803811480166
6 527.9584230531084 -10.69122713001888
7 467.2054695585532 -9.723049327966175
8 495.1073738283384 -10.080017631929394
9 550.5877589965913 -11.162869844376084
10 532.5148713428531 -10.213116092829399
11 462.4126718594964 -9.928433931453622
12 513.4809633018361 -11.099908498192157
13 520.7981463115423 -10.741632233648534
14 614.3609677791231 -12.574207440885896
15 528.0661836049624 -10.39358071515127
16 503.44239277166776 -9.979965952314313
17 516.2170770848859 -10.954052213707458
18 452.1768540939045 -9.044762423533472
19 525.5285952624143 -10.590797896857493
20 559.6475404721078 -11.727649068768079
21 518.8736754201241 -11.091958838614756
22 471.1648886137504 -9.573235699520643
23 501.5443079941083 -10.403782521971726
24 504.5257459519583 -10.19635708919634
25 494.8039556636702 -10.312138459134221
26 504.43278617504774 -10.249790722777114
27 580.693726834615 -11.844951498638965
28 547.546804336899 -11.093352748661815
29 485.4978836293753 -9.958069769829097
30 449.449858143488 -9.190142058868078
31 448.1536824477182 -8.996688457556564
32 473.30212021834603 -9.579158553553626
33 611.4889730269888 -12.057699040716845
34 524.6787594933753 -10.739891979972896
35 587.3441121779958 -12.044044031764976
36 565.2216350872113 -10.272654852515412
37 544.3432092202851 -10.793571006487738
38 510.82019346293214 -10.619265451432177
39 526.4835703571908 -10.979246177892078
40 505.24886872559443 -9.88579385486811
41 548.4033005397222 -11.021005933778943
42 518.8889253977337 -10.749889670849457
43 0 0
44 487.0763613599463 -9.954905033996349
45 438.865149428706 -9.257564423201089
46 487.61985109283074 -10.094939240217029
47 462.50513636602 -9.400096791849437
48 566.675675613775 -11.299798239609913
49 506.7430173971222 -10.343804485544663
50 632.9858833549538 -12.55333426172962
51 440.7313217810378 -9.337025763537998
52 451.9102821501349 -9.392781296217755
53 517.5546562040972 -10.512556340477826
54 640.0339187016718 -12.640400849495613
55 503.92941923028826 -10.266980411814913
56 459.35525386738186 -9.399307648442319
57 580.9608440220924 -11.603336308952365
58 468.88114093522586 -9.642076154473722
59 566.9864232755207 -11.860628655593459
60 492.8724653686513 -10.095091294365535
61 500.78739694444255 -10.397829427139328
62 460.869824910902 -9.748440921459832
63 438.34988096380977 -9.152786150136263
