0 393.905445701 -8.50182191573
1 402.355736946 -9.64463026124
2 369.099079272 -8.22391170216
3 446.124921363 -9.80174776225
4 396.24048158 -9.03000828027
5 418.549382156 -9.50441629984
6 459.800460601 -9.59936171596
7 388.812078438 -8.94400671869
8 388.8333364 -7.98905187518
9 381.430022736 -8.77544421944
10 353.385048487 -7.99056885277
11 433.662652489 -9.37283195613
12 353.10017264 -8.11248714365
13 380.529626647 -8.30307230448
14 423.944301404 -9.34405379359
15 357.622508781 -8.1601770131
16 407.173323561 -8.84382462824
17 370.635896529 -8.25315915091
18 356.02116281 -8.02355172227
19 336.102248837 -7.80802046871
20 396.574118317 -9.06187393959
21 420.274968969 -9.31100682464
22 344.411398979 -7.66238461373
23 339.709669013 -7.51932805082
24 447.25742034 -9.22551938595
25 395.951145063 -8.92162042074
26 387.403034536 -7.97670782826
27 402.332635044 -8.55888792686
28 364.028904098 -7.94146332616
29 376.335630135 -8.37774824055
30 426.095381331 -8.94697966608
31 395.406479981 -8.92590426954
32 423.267192447 -9.26105346385
33 376.773316577 -8.54165206071
34 396.014099962 -8.57955025873
35 423.058121212 -9.37652195742
36 346.494378042 -7.48677968549
37 375.015738911 -8.22364317377
38 406.887451574 -8.53076893683
39 358.456367366 -7.94306358614
40 366.258445149 -8.07533683925
41 360.49020079 -8.0415121315
42 374.91187401 -7.99458754502
43 348.836344477 -7.76517987122
44 391.198456339 -8.68672686259
45 384.000558417 -8.38627539748
46 327.772532754 -7.10205221357
47 383.838379352 -8.49339634583
48 431.370984323 -8.91438059521
49 386.235398827 -8.62241908167
50 365.458808121 -8.23743931865
51 335.338654669 -7.30326704411
52 345.790399268 -7.6771081011
53 420.688525253 -9.15163387897
54 403.06623492 -8.60378156857
55 438.273508995 -9.3337461579
56 326.908991014 -7.22490188262
57 349.529942325 -7.71706732538
58 364.377359892 -7.80196328633
59 398.257338048 -8.60966357566
60 383.925165415 -8.28808216939
61 430.764773473 -9.28089024327
62 424.730037629 -9.56450015918
63 405.918206634 -8.73478885282
