0 461.99372231698254 -11.256013360681877
1 432.72527357678183 -11.62420313346271
2 448.9477411802074 -10.95873270495607
3 475.6845110631271 -11.647425839919611
4 470.4310443223246 -11.158273190011236
5 514.8768614136123 -12.568047727628608
6 470.32423642285534 -11.622329482540849
7 450.8631380736697 -11.042943082195444
8 480.45516698988854 -11.634425902672163
9 434.36880888620396 -10.591119616607795
10 443.98542323544575 -10.711279728200273
11 394.496355908201 -9.749205426664558
12 454.11330299194435 -11.291744927158192
13 416.24645018556566 -10.261910226408123
14 471.8615538854361 -11.433398480648348
15 566.1306426878185 -13.88736141013909
16 521.4369662778605 -12.299031248724633
17 466.2326531872839 -11.159304703292054
18 437.85194120261247 -10.64737008973037
19 478.363792865575 -11.676384963633973
20 480.21801279942656 -11.835379483148925
21 510.5088511993306 -12.190953541064882
22 421.5468985180395 -10.32493398641687
23 443.26054203767615 -10.859815313208054
24 436.17587169541173 -10.53005389913742
25 460.1989844694601 -11.141762100948975
26 541.1049129699593 -13.123340554415668
27 473.66130547946506 -11.34502961766875
28 567.55557497677 -13.631937229064407
29 481.6969361007699 -11.689187638136714
30 494.9532861538207 -11.741765575119718
31 503.2714624322885 -11.974933070302523
32 520.3384509184452 -12.514413931109628
33 441.07147960230617 -10.504204758800265
34 431.21295532005763 -10.505777683003824
35 451.78930166170466 -10.818650450546784
36 488.60418695551635 -11.45140624877024
37 506.98576850336553 -12.184003076017815
38 471.9316374283518 -11.20648908305516
39 449.67892443978536 -11.031605831994657
40 474.31438395400784 -11.410117484286177
41 539.3335270670874 -13.030579888872362
42 441.1379583385018 -10.567271338584856
43 471.038310628176 -11.447621435692314
44 433.4568024068913 -10.451887987137912
45 495.7503670376341 -12.113843379165582
46 449.104502975114 -10.955025500132848
47 470.6427221554535 -11.350529262751719
48 469.606764152941 -11.447572786097941
49 458.0938712943975 -11.270309000561817
50 455.98525059227416 -10.95469341762947
51 370.59640070006253 -9.02668258394159
52 488.1238812448352 -11.774021956287815
53 473.329183693101 -11.476894901863183
54 534.2803055964591 -12.611749173454376
55 437.433939315882 -10.804569917670303
56 458.43813276658574 -11.239203450926487
57 443.0964027647672 -10.901438542097317
58 471.986234369143 -11.031998353661956
59 428.72539593183507 -10.12163424334063
60 495.678972057431 -11.504763255655567
61 454.53109543994054 -11.061007303731108
62 489.04584478264724 -11.81385647281549
63 515.7697336301414 -12.17191325805552
