0 534.13829426 -12.9423328857
1 520.470489669 -13.7369938095
2 457.086813776 -11.7200540786
3 473.104904135 -10.7418384574
4 575.646073125 -12.1613033299
5 544.147653723 -13.2557535596
6 501.791049338 -11.9331356805
7 549.350200702 -12.5563825984
8 508.188313899 -12.3182765301
9 594.800176807 -14.0031540565
10 505.268326368 -11.1691715525
11 510.902852413 -11.6312121918
12 512.259977235 -13.2008358964
13 533.455747828 -12.8904078686
14 505.011165711 -11.6011648072
15 479.003053691 -11.7954633869
16 491.453138359 -11.5543460034
17 473.634450905 -11.606443229
18 480.766213647 -11.6153563707
19 512.392010619 -12.5621933156
20 474.070749604 -11.3234027549
21 473.601618863 -11.6228248413
22 554.84148462 -13.4606396282
23 550.650592383 -13.0443139383
24 449.120526485 -10.6671088996
25 474.867556979 -11.7275040893
26 552.906366396 -13.0605913119
27 487.974812706 -11.7742402927
28 607.722009615 -14.4772228097
29 548.135436866 -12.7854108349
30 482.839904448 -11.6080618387
31 436.664299992 -10.5019229098
32 523.355515 -12.6522415369
33 578.439143348 -12.7527555074
34 511.831462284 -11.9576494773
35 473.671067853 -11.7282371204
36 526.986412927 -12.5661021307
37 488.044129499 -11.5500567063
38 542.694541761 -13.3794119841
39 483.853157478 -11.8564807333
40 490.793844057 -11.9103520296
41 487.063938507 -11.4448776897
42 517.014841746 -12.618799026
43 518.963264975 -12.9665429436
44 591.893179068 -14.2935456857
45 491.526489398 -12.3818696594
46 489.95075817 -12.096821853
47 615.330014864 -12.4004122815
48 508.229918984 -11.9476647513
49 503.015209708 -12.5636260274
50 454.589835722 -11.2660160845
51 554.307261295 -13.1773226018
52 496.053568718 -11.8172868542
53 479.359082909 -11.5368427168
54 538.142405765 -12.721296516
55 616.649720215 -14.7457735907
56 460.591251082 -10.9132482217
57 537.589403069 -13.1771883367
58 549.068538744 -13.7181106003
59 524.055044929 -12.1431583652
60 388.840246657 -9.22588907103
61 600.671802546 -13.8049177925
62 558.239932273 -13.1640194808
63 515.20520886 -12.4327044991
