0 480.145674735 -10.2749132599
1 455.430288436 -11.0046409883
2 541.728032465 -11.9454354885
3 475.250970126 -11.2310065367
4 491.24356752 -10.6618967308
5 443.540906349 -9.49064172323
6 496.209071849 -10.9070175827
7 543.424969445 -12.4384867018
8 479.098211886 -10.2331019906
9 388.626507837 -9.2416981802
10 482.970083342 -10.7249692829
11 423.010928863 -9.43232011937
12 540.656272007 -12.5952586716
13 531.340144145 -11.7603102309
14 542.577152508 -12.0964768805
15 550.300705739 -10.607180725
16 419.643199113 -9.51390694175
17 661.486901772 -13.6879276159
18 600.306461122 -13.1809655484
19 517.22311708 -10.6865506469
20 459.383504922 -10.9333857854
21 498.74216446 -10.2335798376
22 476.405882139 -10.3702657199
23 533.121552125 -11.6337056963
24 401.30642409 -9.05884362167
25 607.068248268 -12.1285829453
26 504.126036289 -10.8741288722
27 461.805900091 -10.5524643333
28 479.315284663 -9.51281484968
29 483.274370757 -10.4124283629
30 505.073526748 -11.4444969044
31 450.271003577 -9.9842271707
32 501.169473306 -11.1900472235
33 457.585223292 -10.7481487844
34 537.477085002 -11.1488019605
35 499.262100927 -11.0027511181
36 522.523148617 -11.5594885028
37 440.53473245 -10.3506551742
38 458.411435764 -10.4553703676
39 501.3486495 -11.2946214585
40 541.462508928 -11.8121977417
41 472.97480544 -10.691934041
42 571.120718991 -12.6482439357
43 452.729173987 -10.0602079953
44 504.932683462 -10.2953514491
45 512.033743861 -10.9988148737
46 419.395084003 -9.78852456162
47 442.222065593 -10.3546996811
48 419.768343901 -9.26692253866
49 463.015437219 -10.1886295605
50 515.044552788 -11.3056130703
51 476.902883356 -10.18552593
52 473.028381023 -10.9421234526
53 470.041564823 -10.3833495108
54 496.403654096 -11.0594387021
55 510.331365268 -10.1131690906
56 512.013630776 -11.1964383619
57 527.274530155 -11.5028804905
58 515.074280837 -11.05960923
59 525.810507023 -11.0121059132
60 389.961644145 -9.02025814856
61 473.500938747 -9.5753527025
62 499.069465419 -11.0691403868
63 427.028953694 -9.69803632087
