0 496.661234752 -10.6428144065
1 438.31097154 -10.6089789279
2 469.032315347 -10.2144729349
3 536.806806129 -11.8767388991
4 449.287805193 -9.93314207175
5 462.119272175 -10.1777150151
6 505.510724532 -11.1041876329
7 458.941862633 -10.4540497237
8 562.545217605 -12.4050490144
9 552.146213331 -12.4198629683
10 536.592643636 -11.7989728771
11 527.98318717 -11.5754838963
12 461.627426137 -11.0592518624
13 502.272872158 -11.550580184
14 591.055230717 -12.8209291081
15 509.469376527 -11.5187221907
16 511.617228934 -11.3123386496
17 462.123996767 -10.7095163627
18 529.912023598 -11.1807686991
19 477.52763715 -10.561086193
20 437.903571676 -9.75202896413
21 514.089742593 -11.3018539615
22 486.198462595 -10.6393131289
23 470.639709155 -10.3461738024
24 587.440099793 -12.6998932648
25 484.123866789 -10.7302320786
26 478.737753302 -9.84867330137
27 505.589625106 -11.0569881529
28 564.132594061 -11.6938692123
29 507.095194205 -10.743096702
30 529.629404474 -11.2523109287
31 453.24855414 -10.2472883021
32 474.705221371 -10.4579242859
33 488.995695744 -10.8095334888
34 461.240343263 -10.2894026687
35 592.234253883 -13.1303493376
36 501.970305264 -10.7104426885
37 502.113542023 -10.8249939061
38 478.564645967 -10.6074892461
39 457.547502494 -10.3411377332
40 411.798810379 -9.4584912731
41 525.326573074 -11.1142282108
42 464.409049515 -10.2256803813
43 491.59238786 -10.7157666665
44 497.348105105 -10.5343274879
45 533.706241132 -11.6128316198
46 485.642370796 -10.5300733418
47 430.57384756 -9.44194438179
48 516.778807375 -11.195764586
49 480.713093113 -10.4254122265
50 477.606247649 -10.5643450962
51 575.979575354 -12.5965912222
52 453.999280557 -9.71339767735
53 469.060146023 -10.2472913779
54 496.215949435 -10.5904619814
55 474.857166185 -10.5212258286
56 512.745064662 -11.2977369564
57 464.956705143 -10.5705644816
58 508.795825792 -10.8240478645
59 522.734147073 -11.3229229808
60 484.405929029 -10.7752663297
61 490.502163378 -10.6537154223
62 488.168116117 -10.8084442986
63 416.296881738 -9.05780356145
