0 465.770248821 -9.6651587337
1 484.564519376 -11.3993125613
2 393.830245218 -8.41173669024
3 481.050654856 -9.97833510776
4 463.176836445 -9.82580537458
5 440.166654257 -9.26435067485
6 417.909600333 -8.71034939427
7 486.588972547 -10.3584508847
8 507.170934178 -10.6650532282
9 495.619106628 -10.3224405882
10 479.754144999 -10.2755939603
11 489.30879583 -10.1067815298
12 410.255020695 -9.28662296362
13 494.593683349 -10.137717243
14 409.336976324 -8.83570162403
15 462.688406238 -9.66148877601
16 459.855105804 -9.72727398346
17 442.909107125 -9.32867317321
18 474.855516062 -9.72259501044
19 474.499763477 -10.017859073
20 502.021170406 -10.9049714155
21 457.957135587 -9.85091941329
22 421.099339512 -8.87645010458
23 449.868415989 -9.60395159801
24 448.70789828 -9.59109743662
25 440.113400123 -9.49486313208
26 423.667650212 -8.81998429
27 455.271059665 -9.73480243515
28 397.150535944 -8.14087068792
29 415.243916957 -9.03782838738
30 475.118041259 -9.94648863143
31 515.760613964 -11.1010189364
32 407.878102843 -8.24634217038
33 458.64796849 -9.85355961026
34 484.398739348 -10.3727785484
35 472.148442472 -10.0778029754
36 395.983383739 -7.95264261355
37 459.595484323 -10.1257171804
38 425.862370631 -9.08247455705
39 445.10356059 -9.4712921099
40 456.274710499 -9.55340589736
41 457.397715343 -9.86605255163
42 426.790415208 -8.97260781221
43 411.790595425 -8.5941531834
44 476.337594094 -9.98426404985
45 470.522949367 -9.8783770028
46 489.938411619 -10.4127357486
47 494.277669412 -10.3151389706
48 502.695228089 -10.7125475395
49 384.075349819 -8.25420184813
50 468.195324057 -9.6395534382
51 450.39020059 -9.63350834564
52 446.760425982 -9.17374886703
53 455.500200531 -9.44986612174
54 518.578833279 -10.5426867108
55 473.449308169 -9.63595793487
56 463.828571171 -9.61781407975
57 403.257573513 -8.70399388571
58 486.704632302 -10.2326560077
59 475.344380235 -10.1372030041
60 431.88184258 -9.06301200529
61 431.483506338 -9.30165677298
62 408.433414135 -8.61753012791
63 507.136593617 -10.1656230708
