0 593.265141884 -12.6357684666
1 514.904052697 -12.5034996667
2 645.385957985 -14.1511670986
3 569.325656462 -12.8887154816
4 563.867299097 -12.4451859447
5 557.073246374 -12.2309660404
6 488.094860784 -10.6302607693
7 530.259041398 -11.8225378046
8 612.806185227 -13.6708228779
9 628.384195059 -13.4479364971
10 None None
11 509.094467667 -11.3261159263
12 539.882020314 -12.7586230713
13 574.932956312 -13.0234424657
14 566.971871782 -12.5830955715
15 521.615331475 -12.0045768499
16 512.34939081 -10.6518229875
17 576.19028736 -12.8724431587
18 576.658143313 -12.2899828094
19 595.311052713 -13.3996832086
20 571.06953136 -12.17080724
21 582.696542493 -12.5711219004
22 561.550799274 -12.6075985058
23 555.202390727 -12.8386095964
24 622.455265405 -13.7190262948
25 524.050372309 -11.8229644686
26 470.566646811 -10.2163279857
27 535.835278241 -11.4569705346
28 583.362679248 -12.5323940031
29 700.21688317 -14.8712643087
30 639.421097635 -13.8370266083
31 562.646690665 -12.7031455075
32 630.646402272 -13.8987820694
33 582.191065307 -12.6818843219
34 588.462830092 -12.726234291
35 474.719771567 -10.4296324169
36 607.13437986 -13.4207336061
37 606.259641816 -13.4172502487
38 614.932279538 -12.6243467884
39 592.120224375 -12.980867908
40 601.261868002 -12.7982080801
41 613.877867313 -13.0464792775
42 550.904018035 -11.8154111796
43 619.850904454 -13.1760265384
44 505.514542566 -10.6839175222
45 560.16492622 -11.9460663727
46 527.956451358 -11.2457764779
47 708.282785828 -15.1902435971
48 567.634901761 -12.0771294721
49 711.381754614 -15.1740268784
50 563.798456475 -12.3141400308
51 623.719372175 -13.1846329311
52 630.61858274 -13.9957194848
53 640.980763087 -13.6659308988
54 604.671362012 -13.1888968655
55 562.126476521 -12.2102741084
56 561.718396061 -12.0684204662
57 595.3546423 -12.8288029278
58 601.145785192 -13.3679627318
59 638.36092978 -13.9609299296
60 606.407224396 -12.9101839513
61 625.957534079 -13.2828154443
62 545.122680951 -11.8231022985
63 549.172299526 -11.3058221058
