0 518.4162289079471 -12.394279432352002
1 490.8077406666446 -12.110727456520788
2 495.027073549207 -12.148446712296574
3 555.6594514133878 -12.857902718638003
4 538.924441686557 -13.044366864964413
5 511.94429841336455 -12.08633121974695
6 518.4633400963307 -12.107115055058669
7 591.2048984920253 -14.34813770017063
8 512.6088033219062 -11.92797232261712
9 510.03966178863243 -12.14182436523329
10 476.82984085546394 -11.251067692919387
11 582.7095605706913 -13.975431767987583
12 573.6338290306146 -14.224521545842855
13 399.4747287903323 -9.780017439992644
14 450.8086811768765 -10.665507837428473
15 528.2210055574685 -12.444678110199735
16 534.5400581429135 -12.690190828932623
17 503.90037412919094 -12.08291687764808
18 529.0172079891246 -12.582058887295531
19 581.3474430008222 -13.737389036799911
20 596.1028690318249 -14.446626094592785
21 494.2570829415634 -11.683306780484957
22 552.6386001998504 -12.265325986558183
23 475.4648925926568 -11.607070543735647
24 497.6518529499796 -12.330737092898861
25 583.4956103077265 -12.863421186902743
26 491.97730280294905 -11.271313093694392
27 482.9867634067313 -11.58900662213989
28 477.1860400760642 -11.002370365467653
29 495.3602254352211 -12.182791812217484
30 475.22174357642547 -11.28538005762151
31 441.060228749624 -10.387276329049872
32 530.5347503002091 -12.134015031237174
33 582.6631668340057 -13.718478450034043
34 477.3490651945595 -11.323263441902071
35 561.5525677923198 -13.653819497984355
36 422.17641173739355 -9.843153678802587
37 475.412603694673 -11.28563776890935
38 496.98399994681347 -11.61343161436332
39 541.5176804704092 -13.002855444586697
40 504.1067216175115 -11.83132767572983
41 508.1345301662564 -12.156850985438012
42 593.3008048258456 -13.674298644289433
43 434.8500401886658 -10.167742038864622
44 545.6280102969096 -12.80978385852843
45 566.2322923269793 -12.95514880741652
46 487.81582330283493 -11.728137799229167
47 507.79887066345066 -12.11725222822539
48 491.8903894549671 -11.8700565389019
49 570.0794878511416 -13.262591405382073
50 534.0503494341983 -12.77584631218014
51 608.5774365897499 -13.465891991374425
52 541.3030363568037 -12.567484930283449
53 482.415196860684 -11.286907063958509
54 439.2661102355384 -10.418168433941839
55 551.2502149405408 -13.066666957319232
56 516.5763356842939 -12.056441723148325
57 558.6928330493481 -12.973198163972663
58 489.1448799592943 -11.314682059015217
59 522.425907191223 -12.564233833789125
60 485.11074526667426 -11.750196596994595
61 500.0190847840026 -12.000167299775407
62 449.71170352489906 -10.482675945880823
63 509.2838922718502 -11.996435435500887
