0 491.9807478675781 -11.217588923908636
1 480.37541584317853 -12.241354812225381
2 497.28756581452853 -11.108278919930244
3 508.52596710685197 -11.999627156450815
4 549.6020669167086 -12.254003731716407
5 559.1010615376939 -12.885876784356498
6 469.61481058554807 -10.973559594210816
7 481.30879284493983 -10.564835806974177
8 475.1224160683512 -10.257539398231447
9 482.3199336763324 -10.908082211059645
10 511.28718381816776 -11.517341605300052
11 435.0965483395429 -9.921920726455134
12 490.94169687147655 -11.928801586713597
13 429.11969147138706 -9.742019844925808
14 484.273141505439 -11.126705639624562
15 464.8463171845253 -10.803862841556215
16 501.9291229175095 -11.656512589379908
17 439.8860479932149 -9.98608764036304
18 486.6131586058605 -10.89008603286431
19 513.3868466102481 -11.768437688012874
20 470.89509423789707 -10.67757151537396
21 433.03420184042454 -9.527363640419319
22 463.59513143809943 -10.366838735862768
23 458.75690656335684 -10.489378632228778
24 538.3208280953178 -11.808190651265544
25 453.37574793323637 -10.332170016470254
26 563.2075781159288 -12.231426918912153
27 492.9549250806451 -11.292176194476042
28 556.9421322615367 -12.463621545828612
29 473.27495949819956 -10.748797194134303
30 420.5796047020736 -9.678744097578333
31 486.13993590478515 -11.106120801587013
32 504.91620938301 -11.312123477003016
33 463.087144067548 -10.429719083645397
34 508.31764415559917 -11.073142408765008
35 438.1189915248848 -9.950106229364973
36 467.40724832257615 -10.8694181056482
37 533.6466926524452 -12.250634166009695
38 447.19610157609213 -10.025148368450441
39 524.7314243339287 -11.083966944955376
40 527.8760039813415 -12.00690678706911
41 530.3080529055296 -12.029077227631777
42 538.9528301227086 -11.859148995909882
43 445.90800242972534 -10.297240396529356
44 447.3823888897929 -10.151100502566385
45 490.79958978123955 -10.62800995553101
46 534.4269881810761 -12.285575847741283
47 496.6104521867053 -11.355400422692345
48 509.56946578037287 -11.14684071381609
49 506.43749691733075 -11.302607755606926
50 474.85630397727994 -10.561059816905995
51 484.6216899668234 -10.131621390769514
52 520.9175485383696 -12.088280792053835
53 456.35629837074737 -10.465620348414802
54 456.177217575119 -10.267914838187103
55 485.95511720851687 -10.563727827852166
56 498.09280737092666 -11.030965613722236
57 528.5692273748766 -11.211130604545518
58 456.6526187645704 -10.53801894158407
59 532.9456035078858 -11.56892532597376
60 459.6580829650615 -10.99856485207028
61 524.6204016468782 -11.302749330853075
62 543.6344753662142 -12.505594059499852
63 497.09684291676297 -11.044900149117243
