0 532.226766118 -11.0671641474
1 540.780587361 -13.4861853556
2 537.811667295 -12.0102613423
3 520.001218418 -11.1298645469
4 562.669340547 -12.1194346272
5 424.753615809 -9.03503172999
6 502.557404593 -11.5011763014
7 512.510218017 -12.037799319
8 469.431191316 -10.3664131483
9 511.544770117 -10.9674162059
10 517.078683726 -11.9000386661
11 540.635530611 -12.3204889431
12 605.560024789 -14.746192909
13 567.052848963 -12.8041704034
14 478.566481951 -10.9689093995
15 496.650752606 -11.4846071919
16 535.884733714 -11.9159957599
17 556.595696012 -12.8800749825
18 533.936407592 -10.9433755311
19 541.3386755 -12.0250708171
20 550.634396829 -11.9154327989
21 565.4872146 -11.284519507
22 512.480689716 -11.0931807018
23 549.470341754 -12.292153768
24 568.944976086 -11.47843779
25 624.41671007 -13.8860956761
26 606.496891618 -11.8098560369
27 603.206170991 -12.3447031506
28 561.780951654 -11.3278293762
29 513.35656825 -11.1279035781
30 502.17491303 -10.4173663064
31 524.621490472 -11.6007144391
32 607.905138588 -12.3251778081
33 538.459398347 -11.5522117583
34 511.44520844 -10.9306159506
35 489.462705801 -10.1843648582
36 612.653285654 -13.003245305
37 562.38549957 -12.1233982531
38 509.222981953 -11.653354165
39 498.822937302 -10.9731935914
40 499.173427419 -10.4952708062
41 619.164502564 -13.6959423334
42 520.265043363 -10.4427470728
43 469.107554821 -10.5747206491
44 533.7394873 -11.5770328436
45 541.079093982 -11.8098928717
46 585.161179946 -13.2096866381
47 505.929406415 -11.1069670202
48 550.381119594 -10.8292961263
49 510.378716069 -11.3102632545
50 489.537560926 -9.96835488717
51 528.688620037 -11.1351365556
52 573.208115287 -11.4106789774
53 487.996401002 -11.262553306
54 464.919233517 -10.5523095397
55 519.232851564 -11.5915035175
56 559.699416496 -11.0713645135
57 501.552366636 -10.6397287374
58 607.276193787 -12.7213736736
59 547.81203529 -12.257590766
60 571.04980775 -10.8083276875
61 475.554303543 -10.5599974538
62 529.476895732 -10.8316394475
63 472.688686062 -10.644292073
