0 488.71831201 -11.0559150719
1 494.539613757 -12.4328675009
2 459.951211411 -10.5552256697
3 445.025924979 -10.4176889382
4 499.344379312 -11.2556909435
5 492.813008571 -11.8254258526
6 468.997256598 -11.2871409242
7 513.931114607 -11.787696846
8 471.880243914 -11.4633415814
9 502.5539534 -11.1600232111
10 490.949161545 -10.1099243717
11 528.70482037 -12.3123417476
12 512.405715805 -12.5572959621
13 457.942769387 -10.5305108828
14 456.886729278 -10.7738763319
15 478.283315488 -11.3795207157
16 542.466770643 -12.3964850585
17 482.638612783 -11.0224140312
18 489.933769098 -11.4280522578
19 470.101557291 -11.4582721706
20 534.010909356 -12.7053408701
21 415.104712971 -9.75928772853
22 498.916074928 -11.2058898288
23 502.266441088 -12.032598563
24 400.633436489 -9.64656114023
25 442.78375393 -10.3419407139
26 434.147186068 -10.294461459
27 501.163316299 -10.8905972978
28 494.561824241 -11.0969398184
29 452.906996651 -10.4827231895
30 475.173589415 -11.1338555363
31 507.585115936 -11.9947351524
32 581.033722648 -13.1671135648
33 445.37754196 -10.6868674656
34 501.501347861 -11.6981080646
35 486.900330424 -11.0808777476
36 425.58258142 -9.72637168336
37 500.638121173 -11.7764952706
38 470.576153926 -11.6240430458
39 480.126814608 -11.373788081
40 413.21514504 -9.44284038739
41 420.462870422 -9.93739729766
42 460.110903034 -10.3960120879
43 476.171358296 -11.0484710137
44 454.573810549 -10.5841610663
45 529.606333954 -12.1528673108
46 511.139234403 -11.2563172911
47 509.22717936 -11.5526511411
48 471.361029321 -10.7175678043
49 422.751225697 -9.93649012334
50 422.075900642 -10.0376444147
51 428.931632735 -10.2910083271
52 513.3107536 -11.6237975342
53 446.445063259 -10.3057090221
54 427.657663916 -10.0002518676
55 491.234859611 -11.5205206207
56 494.003083581 -11.4296864669
57 504.134435901 -12.0434647673
58 522.912076188 -12.173481429
59 405.825997784 -9.27464191076
60 466.729315146 -10.1455742013
61 496.549371169 -11.5169224108
62 454.406689316 -10.7490271488
63 473.110037582 -10.9364771598
