0 539.837141167 -12.2608067537
1 453.550315244 -12.1569599339
2 525.332352665 -12.3414594822
3 580.750271345 -13.1590130221
4 547.966893774 -12.1478630576
5 542.968710004 -12.4050331817
6 589.659102454 -13.6782212325
7 577.992784665 -13.8558870514
8 503.572062606 -11.8901845631
9 572.041714142 -12.8352197801
10 511.946379994 -11.6585674123
11 593.446488624 -12.0858676979
12 531.568926539 -11.9175354151
13 496.343535093 -12.0096233776
14 575.646409029 -13.3047843932
15 547.576783211 -13.2129099428
16 531.560400561 -12.6024112459
17 606.533261518 -12.7932444998
18 537.927985283 -11.8138140827
19 578.916011582 -12.9609859594
20 556.974553264 -13.1863650352
21 609.760878203 -13.4406830101
22 515.944200615 -11.987778419
23 486.405422941 -11.2927195683
24 553.973433299 -12.2185460765
25 565.708148212 -13.1798872589
26 588.516673351 -13.4839533998
27 590.209517713 -12.0871803246
28 540.569301852 -13.1540066858
29 565.261717208 -13.164173525
30 494.292762916 -11.4267528526
31 532.639765879 -12.4520598159
32 540.31463672 -12.929063084
33 527.774356385 -12.3024617616
34 635.177422095 -13.9694802017
35 602.474560786 -13.2641836738
36 535.719026823 -13.0893780939
37 497.828980983 -11.9681900657
38 775.199343665 -14.3368460903
39 616.837821096 -14.0495381848
40 575.525998238 -13.0965692708
41 592.017781551 -14.2312250986
42 588.131781169 -12.176053617
43 518.600985887 -11.8073892746
44 521.678012533 -11.7688322151
45 542.689844947 -11.90990579
46 583.248371679 -13.4864856968
47 526.863186212 -11.6124084655
48 583.525270584 -12.5416937131
49 581.423394029 -13.0831865689
50 521.866333645 -11.5331785567
51 587.926413732 -14.1853382473
52 526.389311129 -11.9771988006
53 477.630482083 -11.2453175148
54 615.500324323 -13.5281097888
55 616.639469378 -14.4086262175
56 563.896041195 -12.5438491514
57 612.918189726 -13.8996226849
58 499.061325057 -10.8981343711
59 596.106003325 -14.0730099008
60 513.772998765 -12.1212992483
61 526.379337602 -12.5707776301
62 699.835035511 -14.759632765
63 559.040312497 -12.6690877786
