0 451.739694461 -11.8469789197
1 491.151809567 -14.0926515123
2 514.826259205 -13.1667256082
3 532.167049988 -14.0992533539
4 501.657721124 -13.2682477299
5 506.511017134 -12.8295859288
6 510.377161894 -13.1597118619
7 493.372719627 -12.8032201787
8 502.900964034 -13.0470614964
9 451.148075651 -11.8932424624
10 470.705832199 -12.356197206
11 582.115259455 -15.3867969579
12 451.456407077 -12.1548492032
13 429.681308244 -11.6690273468
14 525.130096261 -14.0160297903
15 507.98485312 -13.178302073
16 518.343286848 -13.4697271967
17 426.989463932 -11.059410648
18 510.59069813 -12.8643422884
19 450.821591187 -11.8523071309
20 466.042504574 -12.1752233213
21 498.874213125 -12.8637607773
22 403.568162284 -10.0869495219
23 417.558802094 -11.1562521504
24 495.569619477 -12.1926499732
25 422.970273563 -11.151284559
26 542.092971327 -13.7861144625
27 485.196194942 -12.5811536985
28 503.291487336 -12.9699078074
29 532.9918783 -13.474744302
30 452.893004986 -11.8636492641
31 551.290053619 -14.0752700446
32 438.568303265 -11.520837402
33 428.765759923 -11.5491341912
34 481.168084327 -12.0923886421
35 508.299792127 -13.5905513679
36 420.921918355 -11.0742014012
37 483.126437005 -12.4186911531
38 495.552557406 -13.186357204
39 456.583319097 -11.8917881304
40 457.556369136 -11.902032465
41 493.279682593 -12.8562795363
42 493.347086005 -12.6643656849
43 475.08601719 -12.0813502958
44 426.254572813 -10.8598009561
45 497.060271437 -12.5048503087
46 507.28976286 -13.0828315389
47 417.696986742 -11.066154642
48 534.235328996 -13.5853767634
49 537.293698379 -13.9736092744
50 487.576767818 -12.7910564453
51 505.44525449 -13.0794867933
52 514.111916173 -13.3313210475
53 405.78537432 -11.0683654299
54 448.034169349 -12.1396043474
55 487.925562819 -12.5385354425
56 452.20364894 -11.5141242249
57 527.111605712 -13.6699585051
58 432.383509005 -11.2324995242
59 537.864462255 -13.9080574109
60 436.83317422 -11.385556132
61 459.985536624 -12.1815328099
62 443.404427763 -11.8681821752
63 429.885960356 -11.4165477002
