0 509.553403843 -9.58425089682
1 542.852820091 -11.5367098658
2 512.488815453 -9.76920744089
3 517.572918934 -9.86716455145
4 519.831672209 -9.83375773003
5 577.229416772 -10.679917117
6 546.411895292 -10.3977064435
7 474.067422118 -8.97263904164
8 602.43195511 -11.1551995719
9 563.872294325 -10.4878320946
10 500.289963467 -9.47515820346
11 468.918694686 -8.84807347007
12 439.3138241 -8.81239497509
13 469.591069627 -9.01973292947
14 480.332554851 -9.05643584713
15 612.065371955 -11.6144993201
16 520.241836151 -9.72768642551
17 452.300779672 -8.79257815537
18 511.587734932 -9.64946385619
19 495.810016827 -9.52907416786
20 490.570290137 -9.54353437745
21 485.616009758 -9.05461336333
22 538.933865315 -10.308464755
23 430.325148247 -8.17112869111
24 447.184733615 -8.45395110383
25 529.257448367 -10.3180418783
26 552.595465126 -10.1148302596
27 448.173249105 -8.82762409325
28 499.666529815 -9.26807161375
29 437.889932142 -8.18640867841
30 447.910366444 -8.45786262692
31 457.969187122 -8.63823411035
32 493.66454064 -9.43671771896
33 462.920799304 -8.90471311703
34 483.134564726 -8.94274492164
35 494.663434594 -9.57458666098
36 480.17982227 -8.93232935661
37 520.651632708 -9.98063974425
38 389.829144064 -7.46421971083
39 432.099837306 -8.09294788549
40 524.573778506 -9.71898038331
41 560.434692838 -10.5072831738
42 465.194166913 -8.93661566201
43 471.126578717 -8.91931681509
44 514.221926669 -9.63243575791
45 461.17750439 -8.84678785054
46 435.432247134 -8.10022229654
47 494.270746126 -9.61274414799
48 444.674624289 -8.53426120526
49 554.800392127 -10.3547410081
50 476.604884322 -9.00542124704
51 510.640376333 -9.70816672271
52 486.149320627 -8.9437882731
53 458.661570104 -8.84861654031
54 528.841901415 -9.97185896953
55 457.879396893 -8.65515044142
56 589.52076636 -10.9553788463
57 493.91442545 -9.52704173145
58 519.433941809 -9.87061341879
59 589.261158544 -11.1990070412
60 483.783704726 -9.34894890096
61 532.450070958 -9.93956346522
62 428.549444041 -8.24987562402
63 525.063687485 -9.80820780825
