0 381.32370417243027 -7.803773153412211
1 444.20393710235066 -10.156733108934105
2 497.2014271197586 -10.249044590872662
3 433.54579670873335 -8.37586248173107
4 497.5846977443472 -9.455381830505802
5 483.9934937189592 -10.173699386194588
6 433.96917637472893 -8.934659479336256
7 422.42732992180646 -8.687862872323972
8 515.2739537880371 -9.239843695763923
9 435.9699652906593 -9.228826679914132
10 433.62525724592814 -8.875191896016844
11 499.9050413969094 -9.134164540311113
12 471.7311573561795 -10.091697527655938
13 373.7721706223819 -7.984489568051808
14 450.3138292293853 -8.308092620531411
15 455.54083128880546 -9.429433065540973
16 469.3755324592212 -9.693454149471183
17 456.38131225935655 -9.24037137887365
18 475.08769671260256 -9.926281666273065
19 443.99824864644825 -9.053392149033948
20 434.0397378756044 -8.369778085767637
21 423.5087895359699 -8.591827183298513
22 445.1917607055198 -8.568653172702955
23 436.17061274296134 -8.563169744116959
24 405.7938205869356 -8.04026722808284
25 454.6073717221518 -9.632817458480043
26 408.66530716849365 -8.634877877217763
27 472.088125378006 -10.11912076647288
28 468.1424849769865 -9.6083870561148
29 555.3691791627714 -10.81868934736832
30 458.89329817265497 -9.76114245125269
31 405.8437409482056 -9.007095028505343
32 458.39262321874486 -9.074349224113798
33 447.2001249730785 -8.885414241879495
34 473.6446903507451 -10.018399278764191
35 418.5167086912377 -9.056422237110397
36 504.450293708024 -9.495855360663583
37 492.58009607244355 -10.063182337544466
38 463.74448717631594 -9.74537421562412
39 465.42983368206546 -9.967126072817054
40 393.55908130840794 -8.39386195792463
41 457.69796615560534 -9.295046661988051
42 464.8379141258215 -9.33484573951481
43 442.46798420370504 -8.99524700247915
44 459.22053680382004 -8.521068623269041
45 486.21219090072043 -10.283847302339368
46 424.76218434286375 -8.775226120397772
47 528.2525520387981 -10.258003835195412
48 463.257643233945 -9.609698561966974
49 501.85222421243895 -10.125864297670091
50 424.7068447211151 -8.60327158144619
51 494.4948749967453 -9.260550412289804
52 450.3857647901486 -9.006286180020773
53 465.5053006518264 -9.177924654884771
54 488.67634703461545 -10.328912839688902
55 487.3304590869608 -9.607138029442085
56 417.9344942521015 -8.768628369659965
57 453.55926793537213 -9.215567642094905
58 443.59436118257287 -9.085108733231293
59 471.0097107528725 -9.637687359775041
60 423.32929815643797 -9.062260150581848
61 471.61359738312507 -9.925520710622925
62 550.1772278618153 -10.10384008321385
63 463.5120444211889 -9.651740255120222
