0 426.57875998953284 -8.470719929028261
1 412.46746309364005 -8.942949261966064
2 407.8122519886497 -7.973639688868775
3 373.70530950149225 -7.649914111806919
4 402.01804429010247 -8.238842536528676
5 361.6305896137427 -7.459127232893165
6 408.26384766345933 -7.7843913509229505
7 378.12423320121786 -7.776154004960947
8 388.6529853511263 -8.15104427401027
9 401.32493620801665 -7.941005125485939
10 388.9412150880661 -7.6194139791015765
11 401.3627299701726 -8.255991289025344
12 458.3725497298846 -9.36313902454923
13 378.1075309572596 -7.559556170905563
14 391.42120743085434 -7.826797998118325
15 372.9523340159435 -7.422081394753463
16 366.0117692174279 -7.182783653219508
17 401.30129168736016 -8.199853714371066
18 447.770989221084 -8.91639305671866
19 463.22443303145633 -8.838775027445724
20 421.6786447015376 -8.485429192256438
21 386.0630959769977 -8.030779565434292
22 408.2165288532315 -7.908065372294077
23 409.1444131384919 -8.420501842696815
24 378.2900564927764 -7.678729779188712
25 None None
26 386.8702094915256 -7.944897827607438
27 423.5643282309166 -8.470135533814975
28 422.13251640172376 -8.434188317422937
29 388.50877530817473 -7.926075065570789
30 381.00952339977283 -7.470059951034593
31 416.5588909173175 -7.974879276580622
32 367.0538806585809 -7.305295189361121
33 446.0322186945311 -8.672636648942577
34 413.76066845348186 -7.789639891474929
35 420.7528002048501 -8.279807010624921
36 452.8922787509837 -8.824155230077357
37 396.75709430297985 -8.233856200141362
38 392.8561411555515 -7.240954542296107
39 438.0884613324279 -8.885852891260756
40 419.73425456581106 -8.34215260216946
41 454.75556298039197 -9.22010277840108
42 399.11896741067625 -8.02940975890634
43 389.87353197007366 -8.011728424657564
44 399.3956847461341 -7.949988502741123
45 418.29763983864206 -8.168613011027013
46 437.85431253381574 -8.943417833478222
47 517.253954433551 -10.135863001548563
48 384.38531745160077 -7.334601890548463
49 427.3089363566404 -7.996872041760886
50 416.5285637508562 -8.291788194212165
51 377.7271741425258 -7.709259727783076
52 446.74379573763775 -8.740912024588244
53 441.39115166307613 -8.87050208996264
54 392.47507445371247 -7.870414824826048
55 365.9246456458576 -7.282124560901177
56 401.533359878807 -7.938083570282568
57 None None
58 394.9973636582856 -7.992062292227169
59 453.8534469509697 -9.232655019554404
60 367.56665119099273 -7.465682459225352
61 373.93639388370406 -7.678924311180348
62 403.30449694800234 -8.071721612632633
63 424.4780515035701 -8.53020091275002
