0 483.72262316860827 -11.285164456163638
1 485.9382488783953 -12.572413814383776
2 524.9020264836054 -12.457664001982955
3 456.23916360463426 -10.572941135186651
4 483.7953168724711 -11.278282680653438
5 424.61701474117467 -9.994363563870076
6 461.22814614225877 -10.81911647655942
7 431.15375036944454 -10.022812252810196
8 430.6617384612224 -10.240418950358766
9 463.0854785731478 -10.942941371264833
10 446.5667188090905 -10.593627368181918
11 468.0303394080416 -10.688471830828183
12 392.41287246129014 -9.840461122290534
13 435.9577603684034 -10.598223966453462
14 458.2475654219665 -10.68457956795309
15 461.30968592922613 -10.587959320471112
16 451.61400443736056 -10.649123741989587
17 415.94520422038494 -9.964227103380923
18 445.58683098338605 -10.347932329016288
19 438.74385428404713 -10.492013471201806
20 456.43683625037005 -10.991685422921728
21 420.65989913828463 -10.033551603057157
22 416.996350644138 -9.812211660177926
23 498.79341932833984 -11.932972368263451
24 455.70945566848417 -10.693676916121596
25 529.8684108945826 -12.570972553711462
26 454.012189897736 -10.631984664763403
27 494.58164875699424 -11.83357765600721
28 450.05107837868144 -10.572976092569547
29 491.5102610426241 -11.60907953388017
30 411.65882854793847 -9.547823004086386
31 435.7973277037472 -10.321979244483233
32 430.3947697413663 -10.02880816136547
33 493.336796304357 -11.232885177878824
34 434.10840896823487 -10.018258483421011
35 502.959773452024 -11.674546834350593
36 404.8426326375402 -9.410832721542585
37 416.6212211747779 -9.87105188540029
38 531.1405105560215 -12.035090588720909
39 436.4238576957574 -10.522752886730544
40 456.0330618234354 -10.58922521912822
41 436.96901317247455 -10.385183170515878
42 414.3533321636621 -9.741608886751946
43 456.2184017752763 -10.79955030039526
44 408.23415066722805 -9.47050925100081
45 411.1471308561623 -9.626307730466003
46 453.8485824351949 -10.621428306938407
47 455.0707251623537 -10.697735335483294
48 407.63010991533287 -9.634162708236188
49 469.213291969172 -11.184422161350188
50 422.13572321000055 -9.82107210137058
51 436.5380615457468 -10.371065579825647
52 423.3084079472169 -9.784176550781957
53 602.1888780696215 -13.810304030634265
54 424.7628712689238 -9.804710983641389
55 419.6098498128997 -9.925608262210446
56 513.8842254662118 -11.97521961005189
57 464.3466935121906 -10.97103144624564
58 497.8587988132083 -11.2684589293912
59 450.15323937388433 -10.523342206484513
60 467.40091402294854 -10.96272007267308
61 376.0051648468161 -8.788400683238194
62 473.4725354964194 -11.014837017341039
63 449.1682078462212 -10.348164659128585
