0 416.762853247 -9.82018889524
1 398.600479808 -10.4413163914
2 362.054246135 -8.72266829041
3 348.982677479 -8.62287965393
4 331.142113217 -7.95807387728
5 368.256294648 -8.74506301284
6 359.403600788 -8.85520391328
7 414.71180167 -9.93628197809
8 442.398955399 -10.1888761046
9 387.390269445 -9.25372881089
10 506.472530334 -11.2871358073
11 367.559092067 -8.74870035148
12 358.568505881 -8.95838203185
13 397.329522537 -9.35873580794
14 359.417541677 -8.52463551402
15 369.571297985 -8.78871411012
16 355.761321529 -8.27122301228
17 378.619139485 -9.1799728837
18 381.96953546 -8.79460749536
19 347.889445353 -8.26745973724
20 373.788774845 -8.93392601515
21 332.281789289 -8.30587348162
22 362.010351997 -8.79571317219
23 362.265624722 -8.68147089554
24 394.162747166 -8.93500359867
25 352.851858769 -8.50319672986
26 299.36313881 -7.269793952
27 341.966283698 -8.23324852004
28 366.728808452 -8.93948497529
29 355.538550197 -8.70085962649
30 366.818343858 -8.53282537933
31 371.776580196 -8.42589827547
32 365.289584275 -8.45848001426
33 414.490236534 -9.23295656693
34 366.124934245 -8.19063440322
35 357.99663174 -8.49971074735
36 375.75686705 -8.78482742881
37 382.59827257 -9.35094937436
38 379.723464936 -8.70430741298
39 376.004320979 -9.11599625833
40 325.591521774 -7.85824382902
41 325.226208113 -7.64953524388
42 363.183731774 -8.58960449936
43 365.329646559 -8.53754950624
44 367.96987015 -8.99735238453
45 390.921500257 -9.06598017765
46 340.774849196 -7.96260409034
47 361.84327046 -8.31111365492
48 350.39040725 -8.55193284634
49 359.303856606 -8.77719164209
50 370.639050189 -8.73393869528
51 403.750840007 -9.64033851152
52 329.574611193 -7.79116910912
53 370.924905025 -8.77092472503
54 367.657964019 -8.66820046619
55 374.141965365 -8.54100309087
56 362.937728881 -8.45830540463
57 347.09530688 -8.13190794621
58 353.201667454 -8.2219490041
59 415.324843558 -9.44488965167
60 328.526017323 -7.91870814667
61 400.863786412 -9.30614143769
62 398.963616514 -9.64179351986
63 370.695536092 -8.72026591179
