0 564.8107645463389 -13.875309682766385
1 628.089270372793 -16.322982383831846
2 666.4421360294656 -15.193312664608474
3 569.2414811868568 -13.76352001856682
4 664.5227207439406 -15.520652659574418
5 643.7209904926015 -15.323641284222056
6 745.8399033596904 -17.554142373496212
7 504.87488190962256 -12.175875202141972
8 569.8204873373553 -13.316283445501883
9 463.0840996032216 -10.784659006546136
10 622.5225603458517 -14.419356028805412
11 578.9480458615061 -14.040173132405934
12 509.39384777176923 -12.361298201214238
13 548.4474961569324 -13.245195154129817
14 640.3521390175717 -14.36022068536804
15 568.1663780781329 -13.213196967847338
16 637.9325585804786 -14.812232146829516
17 622.6584104130717 -14.872054866465287
18 630.686494611888 -14.453948274221252
19 569.2934981117268 -13.396473469865969
20 601.5660168117738 -15.023246818741395
21 623.7927438311036 -15.162932952856169
22 462.3890476103947 -11.506831361988594
23 724.5232741124038 -16.56129119527784
24 496.7674034024163 -11.962782565403582
25 572.8687204893852 -13.39059233302751
26 600.1323315948098 -13.643711741577421
27 700.888068853923 -16.466973425753668
28 593.240361891272 -13.365389803678745
29 505.50489168486115 -11.970266837979118
30 569.198947045482 -13.92221132951178
31 508.81209891000543 -11.978259279407135
32 561.3254055190949 -12.903486978295339
33 544.0864665690027 -13.37912998480644
34 550.9104655707134 -12.68728705567387
35 547.2874518687667 -12.841650100043061
36 605.63362737309 -14.092569240080483
37 565.5738235923326 -13.49381489360558
38 606.816843065329 -14.478116336061374
39 552.0127536737568 -12.70042671754247
40 708.2728911293609 -16.014642653940207
41 571.5464310347913 -13.11454904598527
42 694.343494621639 -15.822928981083873
43 493.96194709737927 -11.728103540668524
44 541.1648794728952 -12.602671791651352
45 659.8508895788958 -15.631552124641908
46 477.87528923346775 -11.445819089835979
47 612.6653819660592 -14.537597493890525
48 607.4678618646889 -14.064192836499965
49 609.691230873083 -14.176656171965638
50 600.5246030529743 -14.027363684964715
51 590.2858357532854 -13.570057529552262
52 575.9194347486757 -13.460473788059982
53 627.747848253275 -14.227661106875505
54 537.4893906403325 -12.705703649669315
55 551.0130801429802 -13.033588108181764
56 566.3491165462036 -13.379420555821728
57 627.6207445211933 -14.629721240022029
58 641.6083157741011 -14.628254962659195
59 646.044522444718 -15.11745212331817
60 609.4085491837866 -14.21708467318171
61 568.1699767252987 -14.068069474249855
62 592.7339556002192 -13.510633585262447
63 527.9889571618226 -12.037300841338942
