0 388.149948704 -7.4744008052
1 492.333471291 -11.1298557556
2 420.663070659 -8.63194705283
3 431.909239046 -8.99909899169
4 367.656323725 -7.36944509283
5 314.997348595 -6.53114966339
6 491.372803612 -9.93742682594
7 364.887009879 -7.74630228771
8 410.930908233 -8.28565846549
9 392.722008203 -8.0176358022
10 378.392849618 -7.75325088454
11 411.542415939 -8.52500770737
12 428.124609841 -9.04976284239
13 395.432695958 -8.2623263499
14 394.537551893 -7.73101109518
15 482.019221946 -9.81630472062
16 387.004479099 -7.97699259848
17 405.94866134 -8.22557505139
18 382.879574812 -7.62863222392
19 350.314686947 -7.21525591799
20 422.034168009 -8.70819263243
21 422.428983829 -8.41710451424
22 389.988524574 -7.926958246
23 418.525301093 -8.58680447753
24 411.099759588 -8.10024913444
25 390.590528986 -8.1289953257
26 397.21224328 -7.57659047701
27 371.323652673 -7.39719473133
28 396.686783177 -8.09625404475
29 387.874745298 -7.88292814652
30 364.438155311 -7.5335073852
31 442.094678301 -8.88047983637
32 411.91977942 -8.24558139089
33 441.000813432 -8.70176662744
34 432.864655933 -8.64427422489
35 344.316012178 -7.19396876319
36 419.067994004 -8.26960368855
37 412.629982092 -8.52180605704
38 395.905407769 -7.941739271
39 330.729940229 -6.81956180522
40 415.718224514 -8.16995373768
41 393.939758686 -7.94032172774
42 415.037339066 -8.26980497884
43 357.565232404 -7.23372880921
44 350.542831463 -7.2106793745
45 388.215122221 -8.12413233571
46 380.905050523 -7.9073296851
47 361.683907485 -7.5249498244
48 438.932292499 -8.90179938018
49 370.738966433 -7.45397043468
50 455.53807873 -9.07288081414
51 365.618759264 -7.5222850835
52 400.254149666 -8.23189038709
53 387.171673074 -7.8255691779
54 341.077919211 -6.77889770549
55 418.355816734 -8.60091088007
56 381.022830272 -7.72332581237
57 421.818771772 -8.76133675788
58 396.270658572 -8.20242869187
59 376.158887955 -7.8882463781
60 380.819533096 -7.92124133617
61 435.836148562 -8.90008105414
62 383.444146824 -7.64990636637
63 368.154179831 -7.3933066368
