0 427.724553845 -9.06274908195
1 450.676143037 -10.2530709949
2 439.841349348 -9.19513290113
3 417.037465792 -8.78965371331
4 360.111597052 -7.69806644288
5 353.181706189 -7.46794974631
6 408.739922663 -8.4242871901
7 375.162588138 -7.92880252319
8 436.940288527 -9.29870739125
9 374.596736212 -8.01830967258
10 455.223242005 -9.75043245176
11 372.6650689 -8.04320929689
12 431.624830257 -9.5355087321
13 404.443620951 -8.54754730336
14 447.394577452 -9.44317126983
15 412.075015599 -8.81861000327
16 392.070931248 -8.30975126878
17 397.1903675 -8.64684793684
18 385.898995831 -8.07271008343
19 380.548022824 -7.85810214074
20 396.2008286 -8.4855106429
21 411.580359578 -8.83559584001
22 389.809205464 -8.25696156669
23 449.249172998 -9.44594293575
24 405.481880378 -8.41073332714
25 391.561305578 -8.25576416774
26 378.162810419 -7.64760563931
27 428.656913118 -9.06019732201
28 377.029639214 -7.9222572476
29 447.605374901 -9.38770765732
30 387.414329312 -7.96834149174
31 400.965711799 -8.3823654088
32 438.100496217 -9.29182559019
33 387.898496355 -8.3483646937
34 408.939306222 -8.45370847658
35 396.225186148 -8.41900670914
36 396.408889872 -8.1074831743
37 374.443005374 -7.92820187292
38 421.729616189 -8.64844827762
39 379.579697331 -7.71477887106
40 428.397299153 -8.68428302665
41 465.472595099 -9.66439600023
42 431.281996122 -9.10011954584
43 382.300216743 -8.04606918248
44 433.835033787 -9.03621285446
45 513.111359565 -10.6670127806
46 396.835106282 -8.00915133953
47 467.530708935 -9.59575365706
48 458.831564258 -9.50077518468
49 405.244965706 -8.62685137272
50 470.616344358 -9.55012291409
51 381.665647068 -8.17220852962
52 410.228913827 -8.57499378785
53 402.48008149 -8.47196598942
54 414.414707021 -8.63180371698
55 367.381787473 -7.74952510537
56 418.405716336 -8.68022482329
57 391.875081915 -8.14443129736
58 418.755770875 -8.5340578185
59 367.403314441 -7.68533495922
60 387.968073129 -8.00322277766
61 451.887124369 -9.14939387936
62 401.131709469 -8.32080276107
63 427.42842228 -8.8857678519
