0 362.32014833 -8.39351734507
1 390.069683439 -9.71631827586
2 455.383091227 -10.7410828154
3 418.114394234 -9.81382450294
4 410.237413415 -9.24242415155
5 376.924594892 -8.76276281116
6 384.518436687 -9.00896982279
7 447.419320252 -10.4599071773
8 425.544217796 -9.86694829828
9 380.702046364 -8.71001981744
10 369.970524952 -8.53335075667
11 403.156876205 -9.34512614679
12 453.524406835 -11.0758923317
13 404.321700601 -9.42838470944
14 382.473937333 -8.84724507112
15 454.505289749 -10.279350191
16 426.403989416 -9.71219117796
17 352.490535784 -8.31079848856
18 396.598462581 -9.05621324852
19 404.115162474 -9.3279517504
20 414.762618677 -9.80132317952
21 397.372507538 -9.33576040878
22 434.082511548 -10.0281145188
23 398.547643311 -8.95177505894
24 418.745075069 -9.44935770137
25 385.244894083 -9.02160529083
26 389.704634537 -8.44750180103
27 403.529853148 -9.2379730362
28 413.825149841 -9.28402425178
29 419.331462142 -9.61004167731
30 403.628689847 -9.39206553785
31 425.344373655 -9.82415717811
32 401.83632195 -9.04463543725
33 379.25879229 -8.93275838119
34 454.870660658 -10.084034633
35 405.243001955 -9.32081959012
36 438.734792291 -10.0257157537
37 389.905990944 -8.94276927379
38 403.006149519 -9.28851237222
39 427.902827294 -9.61832015904
40 329.047786443 -7.65052092338
41 376.988602486 -8.66127169555
42 391.634362946 -8.9711727458
43 451.772981474 -10.374175799
44 433.792753655 -9.77707559183
45 436.747867544 -9.93481489021
46 363.577941525 -8.41162259652
47 376.841792982 -8.4987764026
48 383.278582288 -8.53800428811
49 398.001474227 -9.03002863617
50 369.972790053 -8.65546210879
51 449.435401376 -10.2182317614
52 448.146877601 -10.0186479763
53 370.394002812 -8.51888504525
54 420.796865301 -9.58781938069
55 334.872245869 -7.73952329633
56 467.061099309 -10.5899559326
57 395.661318214 -9.28227733695
58 378.477427418 -8.5028284653
59 416.525430433 -9.69024788317
60 423.896058874 -9.63714928214
61 397.495011397 -9.0287127222
62 406.860111325 -9.38089819882
63 359.446230609 -8.18431654047
