0 410.860498775 -8.76104605622
1 437.697277088 -10.3235957575
2 435.657808739 -9.48168840459
3 458.077378528 -9.87779769998
4 392.825844684 -8.55076489752
5 532.414706379 -10.6880960034
6 501.730065199 -10.0525629807
7 444.454833289 -9.66078593629
8 411.154863423 -8.62523345819
9 446.739604434 -9.4980253621
10 400.475403067 -8.41837208058
11 512.656605584 -10.791184007
12 468.275417898 -10.4185607538
13 501.661254691 -10.0552235807
14 456.761011344 -9.96268555344
15 489.245702335 -10.2761633929
16 472.185580549 -9.8780804008
17 474.002166148 -9.8302013625
18 425.538258067 -9.26572711183
19 497.860002555 -10.1508684521
20 532.50996263 -11.3085380647
21 480.414992507 -10.0805454456
22 434.960809091 -9.42943927717
23 376.905385035 -8.30678502889
24 425.045480843 -9.054940731
25 356.57407921 -7.65047387231
26 440.073736685 -9.08800774674
27 448.747086936 -9.189922901
28 436.277602676 -9.23509903674
29 422.574444295 -8.46867372026
30 526.322777332 -10.8060614823
31 499.192201503 -9.95470903658
32 481.830935227 -9.46867576684
33 479.986330571 -10.2567889752
34 519.436974857 -10.6309030143
35 460.089863337 -9.48512631931
36 506.07244334 -10.5628386637
37 397.639205023 -8.9018709638
38 465.523971898 -9.71036239767
39 451.840246396 -9.70079246515
40 511.141143644 -10.9657404661
41 479.714449857 -10.2016045753
42 433.15399561 -9.04958300854
43 487.010317425 -10.1684571064
44 440.909808557 -9.21750104072
45 469.736131343 -10.0116038996
46 468.914280653 -9.61710303748
47 416.152145077 -8.72669102103
48 453.176148063 -9.38338674686
49 508.788477801 -10.5654418056
50 467.42804965 -9.74273745629
51 494.285406506 -10.1850242396
52 516.452953621 -10.3628715763
53 385.270339262 -8.23930425596
54 453.718770417 -9.8226579751
55 409.672851811 -8.81574003683
56 436.684373703 -9.09216788738
57 420.888945554 -8.57942299875
58 448.83056001 -9.51873893449
59 477.729433484 -9.82991516627
60 446.958501332 -9.07515431089
61 447.261243233 -9.46157734176
62 479.211885816 -10.038824492
63 458.473128284 -9.30271193728
