0 459.248932689 -10.4576171188
1 422.151012194 -10.8294349601
2 432.878367836 -9.9420019259
3 449.25582296 -10.5563368824
4 401.391845435 -9.05442366569
5 390.511164523 -9.02557362671
6 455.385869878 -10.2320525831
7 505.669116007 -11.3220630284
8 385.987966235 -8.89898141887
9 458.673243685 -10.6076092304
10 476.125053605 -10.3330324621
11 391.043666807 -8.67085019292
12 398.144804887 -8.94511160678
13 404.026550349 -9.39912426025
14 418.073008755 -9.59230075455
15 481.644365516 -11.2641670478
16 428.57704801 -9.54845063535
17 390.242858147 -8.96074643718
18 439.893429113 -10.2409262009
19 431.591650507 -9.72668271508
20 395.903849005 -8.97015846524
21 421.391963493 -9.50952180285
22 452.35768262 -9.81835120582
23 474.095167317 -10.7877053324
24 435.392996143 -9.67624780242
25 423.534219092 -9.90865875879
26 409.460541535 -9.28429721475
27 401.477019911 -9.12705412658
28 461.517041005 -10.4083176343
29 446.166101284 -9.68981669924
30 392.102915264 -8.63978850065
31 433.755205763 -9.81534054055
32 456.494518972 -9.8416671719
33 422.690161181 -9.8908225717
34 430.938935267 -9.03620502897
35 412.931117153 -9.36749423908
36 380.694501756 -8.84964053533
37 415.480824746 -9.49811238081
38 464.267485648 -9.66494128838
39 416.108783741 -9.38994846588
40 375.786068562 -8.38407111834
41 396.150572487 -9.50556620754
42 514.384160158 -10.8026528035
43 389.310784909 -8.62880353117
44 421.108869144 -9.68934787247
45 440.168038673 -9.49739170477
46 457.287670737 -10.3770343418
47 394.353075012 -8.72642271951
48 446.988147631 -10.066694404
49 506.485380586 -11.6571399349
50 426.209953763 -9.77751536221
51 386.499625234 -8.68913804122
52 492.912751903 -10.8546309518
53 416.612337813 -9.76254233333
54 426.585997739 -9.55426387709
55 389.37767729 -8.86170050794
56 424.349614401 -9.48501973868
57 465.430070572 -9.96947362237
58 371.401703727 -8.47709272602
59 417.851247994 -9.48690381776
60 431.911865855 -9.83965578073
61 461.60236241 -10.3242047141
62 468.883980543 -10.3304808169
63 443.477439005 -9.52484687448
