0 551.2822690976566 -11.707062151300985
1 595.2370715498676 -14.07030613140045
2 577.1457300850225 -12.52900750061982
3 656.1812996287804 -14.052604519613249
4 575.9946833674173 -12.379279451680652
5 580.0417108254517 -12.69875417499586
6 565.6768421766394 -11.65894718349062
7 553.3964306340608 -11.852879043430347
8 665.8671653113762 -14.22269083411107
9 630.4212911480294 -14.014658090737282
10 569.7796621545806 -11.910823017484757
11 640.7445629440449 -13.573696892508623
12 631.6281309991665 -14.02332562060947
13 579.1056664339147 -12.278570214851854
14 675.2091374812453 -14.470704337814617
15 671.8674462493173 -14.486419227994318
16 640.6855136790188 -12.259820728059008
17 657.6757494761534 -14.603590192349488
18 550.3768364809769 -12.029011121146576
19 542.9413355865794 -11.472238146492531
20 660.6961262768596 -13.773651353324395
21 593.5617678540407 -12.392920358185794
22 631.653174299214 -13.174562444820694
23 620.9631102568214 -13.303130811575052
24 636.8296825362476 -13.884216243043882
25 593.5115475808709 -12.603340188288755
26 587.9272309690863 -11.881901398781194
27 579.5934314848265 -12.422669951187869
28 641.0697323805881 -13.766923599438604
29 538.0391626337382 -11.821263479382553
30 637.3039104248552 -12.819172581983025
31 690.0138878144885 -14.488725245074765
32 598.9175882575563 -12.616062134011317
33 588.4058641962837 -12.75572318457944
34 564.1160843900499 -12.052139565942955
35 565.5874680040447 -11.92675288914832
36 559.8037813536816 -11.397385793195442
37 651.2246748652408 -14.337155034097401
38 690.7318531755096 -14.05205812239322
39 602.2563784874592 -12.931615168899553
40 638.6044067250705 -13.813955952244067
41 680.9958107553481 -14.83948232288507
42 546.4993807739369 -11.385833911230662
43 605.692698857412 -12.292951748162636
44 603.3097783775228 -12.956589726776292
45 563.92750606161 -12.124506435695752
46 569.5210432251541 -11.629457684848546
47 601.1263255684058 -13.217352043362784
48 557.1266333571771 -11.776400967821514
49 536.0645728065518 -11.700373930619646
50 661.6278725330054 -14.081129927635052
51 577.5433011479904 -12.013104473359673
52 597.1879549560763 -12.571043514762954
53 542.8025790817486 -11.64144502454657
54 621.9675211872275 -13.35125730305674
55 575.3600032363383 -11.978439652789737
56 673.0404827578823 -13.441544093279065
57 721.6509853421527 -14.997723894809138
58 664.4376269444292 -14.079474336696073
59 600.2811004363939 -12.474072936954208
60 552.5436715330098 -12.199684189327057
61 519.8901501711255 -11.448895270016092
62 557.9739933622535 -11.810611310141656
63 631.1957803413628 -13.187671936876574
