0 438.266738264 -10.7252252109
1 484.931111407 -13.0116604004
2 420.12623278 -10.0017868766
3 443.671234906 -9.757030918
4 500.04262598 -11.6611995621
5 388.148927378 -9.10033138034
6 392.405738372 -9.19765818952
7 409.554092638 -9.65657421367
8 452.278848753 -10.7093740272
9 432.0896729 -9.97569039106
10 386.214793532 -9.36767420151
11 454.991983861 -10.9160857412
12 474.008148558 -11.7998497252
13 432.627715358 -9.92557554008
14 411.319822863 -9.94308985137
15 406.466770849 -9.86056362275
16 410.86193259 -9.80038433887
17 450.143902887 -10.9422029317
18 453.288999264 -10.7395098895
19 404.635840107 -9.36443544514
20 438.952395003 -10.7742731976
21 545.557800575 -12.8760326727
22 450.575182587 -9.87532545504
23 405.0102729 -9.3549637884
24 431.066548379 -10.2621706529
25 431.674251433 -10.579454246
26 534.057824581 -12.0278196066
27 473.667012552 -11.3948809479
28 438.84217645 -10.2853317119
29 473.890957034 -10.5738396191
30 388.507172213 -9.18464219447
31 386.467194426 -9.39800095222
32 403.664170529 -9.53747572346
33 431.626093663 -9.97270954368
34 409.878874551 -9.81688912374
35 439.077232022 -10.3354265365
36 412.362929005 -9.9609274044
37 379.586773066 -8.95938441819
38 394.557775411 -9.22349448675
39 440.387755486 -10.3698980229
40 430.820120312 -9.87711672079
41 433.929933271 -10.2874343718
42 400.659672954 -9.56830785249
43 464.255779494 -11.434367194
44 369.369799228 -8.9873837062
45 481.232070521 -11.0346078996
46 419.163095893 -9.62160277857
47 383.5927114 -9.28490766692
48 410.597474171 -9.91713690271
49 458.546063017 -11.4750450464
50 499.83408646 -11.7861592394
51 428.477767762 -9.2034287857
52 429.628892368 -9.50061420393
53 463.240137165 -10.7393811155
54 368.187116775 -8.6442318288
55 413.17876714 -9.80030015464
56 424.427804589 -9.86367645089
57 475.328649189 -11.2181559826
58 443.758411876 -10.6032983343
59 409.341216499 -9.79770537333
60 416.851422315 -10.2630258883
61 465.141621486 -10.9768069565
62 431.909589646 -10.0920187346
63 464.94232863 -10.6697718465
