0 402.967692947 -10.5703683171
1 413.142135104 -12.0401151762
2 437.470033623 -11.3675772992
3 477.314602683 -12.6138440244
4 465.186781953 -11.6669716692
5 407.634321604 -10.8485852349
6 428.593396702 -11.4859221076
7 367.697379277 -9.9618314822
8 454.062932448 -11.8515035442
9 388.437522243 -10.1551890775
10 449.877513068 -11.4381711756
11 490.374692581 -13.0422098836
12 397.056442809 -10.801836512
13 411.531259056 -11.0986629485
14 463.585446833 -11.8947135918
15 456.763608829 -12.1521788816
16 399.847126969 -10.395120422
17 366.888210938 -9.62504417523
18 445.382723282 -11.8079601932
19 487.770144875 -12.2917836568
20 435.905256574 -11.6317084413
21 404.942321266 -10.824670705
22 444.286413423 -11.4178477096
23 450.472308799 -11.8063011317
24 433.951179984 -11.3206108452
25 480.885380077 -12.5523571453
26 492.594166712 -12.8033251309
27 379.155103768 -10.1962660323
28 399.200336449 -10.56008642
29 438.979694533 -11.5506885375
30 409.024405381 -10.6455143483
31 439.063864701 -11.2129962472
32 450.561983949 -11.2956957971
33 502.552768028 -13.4285101972
34 409.256407922 -10.4319893638
35 384.402377901 -10.0472223724
36 403.02085002 -10.4500732531
37 477.295615055 -12.4609309887
38 411.067020341 -10.6955958629
39 424.039367102 -11.1452868073
40 403.800130391 -10.5292724147
41 386.175170092 -10.1159983885
42 424.599032242 -11.211775223
43 361.56906319 -9.58421292995
44 430.137487747 -11.10351645
45 482.446969443 -12.3190090643
46 440.30509647 -11.1279433064
47 427.675984607 -11.118060579
48 428.571389146 -10.9923032054
49 366.146690515 -9.85490176964
50 470.142346807 -11.7584450822
51 383.011298792 -10.0708068489
52 381.692444816 -10.0325535077
53 423.623590408 -10.9619184859
54 439.455138055 -11.506969464
55 427.279095745 -11.2715272309
56 421.363359 -10.5945916269
57 427.349732399 -11.0547730901
58 410.427243992 -10.4882348454
59 443.752188729 -11.6100373378
60 428.122853914 -11.1355362679
61 404.168379426 -10.5416045
62 500.801515034 -13.0980854256
63 415.706373968 -10.7395449318
