0 418.134198796 -9.44462981733
1 413.454349935 -10.5181848396
2 413.870704499 -9.9721137837
3 462.964499258 -10.8150923047
4 482.173934835 -11.3232196227
5 395.748044615 -9.42588568304
6 467.40705018 -11.0152829781
7 453.454725521 -10.795739787
8 472.686086482 -11.2056336235
9 402.907155992 -9.75228525483
10 417.911138827 -10.1236069062
11 423.366310895 -10.1095953529
12 405.473269908 -10.3103643476
13 471.158168867 -11.4763798534
14 429.330710477 -10.0072489866
15 413.174361932 -10.0000343232
16 429.512981109 -10.1866087635
17 484.455092869 -11.8842762333
18 434.287624065 -10.0712213121
19 474.743241499 -11.0336267649
20 462.742910524 -11.213668361
21 482.547187695 -11.4289132219
22 380.274452355 -9.43917489685
23 390.860698796 -9.28828528244
24 405.732983121 -9.51980514665
25 412.716079429 -9.93596204869
26 411.864384957 -9.42943451725
27 417.019617777 -9.80086657387
28 407.298155335 -9.48454609481
29 388.553935098 -9.51342101167
30 359.876035803 -8.67186693777
31 394.122503635 -9.55271410641
32 399.054598505 -9.20400794474
33 429.634747311 -10.2704953129
34 485.248302219 -11.1234762863
35 448.268299639 -10.2448337358
36 405.107581964 -9.60699176059
37 425.048372944 -10.0418549065
38 386.193696229 -9.12143087895
39 406.794853619 -9.17483515068
40 376.025773417 -8.9139929029
41 399.282627325 -9.5010296838
42 433.116003038 -9.87846491983
43 406.614559125 -9.71944195313
44 460.173719762 -10.4684813961
45 397.839553514 -9.26549377166
46 407.509005016 -9.65207826719
47 404.397495712 -9.67044598703
48 421.424405963 -9.94528498737
49 428.892122616 -10.2587272424
50 391.986572525 -9.49586277608
51 435.728647682 -10.2574666708
52 405.134882982 -9.34159781671
53 428.037268366 -10.1319620028
54 399.780821244 -9.34422862335
55 437.103416313 -10.143645412
56 376.616659621 -8.72163924368
57 416.150835009 -10.0605642124
58 406.076481119 -9.56354295752
59 457.383278529 -10.8638847402
60 397.945006405 -9.27124626969
61 454.197273633 -10.730854404
62 439.134683954 -10.3085138092
63 451.305170977 -10.2363645237
