0 488.71428876 -9.57614532637
1 400.678554775 -9.36802066214
2 426.501742619 -9.0039818895
3 389.651189428 -8.08673570129
4 457.580408078 -9.82988940563
5 397.648802196 -8.27936566193
6 395.719859073 -8.33879312412
7 432.497663939 -8.34245244063
8 454.366073338 -9.57436060513
9 482.415380968 -10.2660728945
10 410.926752876 -8.93041282128
11 440.906378228 -9.45489684354
12 419.841408838 -9.01221941821
13 398.926555047 -8.36450681661
14 417.408659133 -8.92582187038
15 481.239743987 -8.97511323487
16 388.303254082 -8.01751778179
17 471.578438792 -8.94346117295
18 403.385222239 -8.15388784749
19 393.623501202 -8.25011795331
20 428.141808649 -9.27445375578
21 428.205331524 -8.8961037921
22 423.223246621 -9.03464513997
23 442.55813786 -9.27407353581
24 404.780253124 -8.41962855481
25 383.956934194 -8.1977569054
26 450.944745216 -9.33377689483
27 406.879344366 -8.80395158523
28 468.584072876 -9.21502700722
29 505.408280001 -10.1147493246
30 469.287079121 -9.44772224721
31 407.952341654 -8.4532472438
32 412.734667594 -7.85643314072
33 437.770852263 -8.87233318362
34 460.734050976 -9.25957752963
35 381.629448137 -7.72855520455
36 451.221235077 -9.1658690607
37 438.093783978 -9.16598550927
38 427.165388915 -8.97449024702
39 470.189106292 -9.50119424203
40 399.695628939 -8.23734206115
41 404.823623229 -8.70358970402
42 385.225704021 -8.20695481007
43 376.589106364 -7.98447328357
44 417.322787437 -8.99147950902
45 433.746563619 -9.23577500981
46 450.683112734 -9.34795467621
47 426.353677711 -9.05085529884
48 481.692464024 -9.33701542377
49 422.232018634 -8.87012116521
50 440.027604647 -9.27131652163
51 436.349505839 -9.07920730403
52 409.72526594 -8.26663044214
53 475.830818729 -9.82223753436
54 490.011487758 -10.1790878697
55 384.95951638 -7.80609297388
56 425.202599909 -8.65401533425
57 373.280796041 -7.9489478307
58 535.397341674 -11.1248507757
59 453.145477051 -9.43467661508
60 421.242977287 -8.63034146249
61 440.910639208 -9.32329523261
62 523.85485247 -10.7647701103
63 414.112109986 -8.5506125723
