0 529.69513159 -10.0953881624
1 507.519309443 -10.8701255633
2 533.348689009 -10.503455681
3 542.209434533 -10.6424444355
4 547.06678504 -10.6019245817
5 543.107671957 -10.3273010757
6 554.949318166 -10.7046181321
7 535.573726958 -10.669560247
8 518.704630335 -9.88369770348
9 544.295581908 -10.5475883349
10 553.497454072 -10.6949040889
11 506.407237372 -9.9223324871
12 530.636697051 -10.6541117416
13 505.911167484 -9.98432251234
14 502.325573941 -9.63861018352
15 480.699988945 -9.39152989557
16 552.523981633 -10.5572688521
17 453.600160583 -8.9833125934
18 532.9758617 -10.1320507597
19 558.552184682 -10.6953020657
20 533.176397647 -10.658829978
21 447.117982361 -8.75370705741
22 491.530898685 -9.5467980474
23 512.373109467 -9.93272178633
24 496.574656838 -9.62252871414
25 487.742922774 -9.55033042733
26 512.681675933 -9.88202247586
27 426.340013009 -8.3317157033
28 482.798334628 -9.34048134636
29 485.646898986 -9.32220245956
30 495.256700483 -9.53258240791
31 455.425638192 -8.81717589641
32 477.375932206 -9.17560906045
33 452.42612981 -8.86332619044
34 401.734035833 -7.88879054707
35 634.593078263 -12.0897535218
36 534.075077003 -10.3226409968
37 431.412005557 -8.64956221824
38 554.782112258 -10.7050060884
39 528.86519271 -10.2936763777
40 560.706185995 -10.8396181408
41 487.914185999 -9.19126181478
42 569.127259569 -10.5969943154
43 599.733101856 -11.1351790281
44 493.872429585 -9.55583784234
45 522.170508113 -10.3158194325
46 499.532128412 -9.61637607674
47 537.429800054 -10.6336361486
48 506.297750474 -9.77236838713
49 525.462272826 -10.3488364611
50 488.575735124 -9.51140519189
51 548.480653674 -10.7230687087
52 496.966136482 -9.31396340938
53 507.63713309 -9.99254600938
54 507.194617328 -10.1156304817
55 557.226789534 -10.7840216937
56 552.885380668 -10.3437100931
57 442.663622317 -8.68590699743
58 481.39394973 -9.24941137659
59 529.094908436 -10.1853964317
60 506.812670116 -10.0187565172
61 566.220449954 -10.9070424476
62 603.714841335 -11.5764927345
63 543.208084127 -10.1752589774
