0 412.581719287 -9.46748616268
1 406.61993726 -10.0314206131
2 418.476521404 -9.49706618377
3 404.846674228 -9.23941104667
4 515.740093013 -11.6998293721
5 504.088765897 -11.3073416706
6 441.669374578 -10.03270197
7 458.828811432 -10.5157577417
8 433.699663536 -9.75406116072
9 453.068153109 -9.82155244307
10 466.903325223 -10.4478072363
11 480.952157672 -10.9258359631
12 414.330832589 -10.1080366892
13 461.825554747 -10.6768294492
14 436.99896414 -9.86366545802
15 358.157379525 -8.28480445217
16 453.102663998 -10.0596903706
17 448.052288341 -10.3032652156
18 461.378359945 -10.3307398468
19 461.846927964 -10.0523229329
20 432.737121879 -9.92781121821
21 441.807047334 -9.94024112218
22 451.769496179 -10.1090549724
23 450.913894208 -9.86842182041
24 449.444852013 -10.196609749
25 432.287837364 -9.63743635939
26 399.297803589 -8.56574512335
27 420.460633754 -9.61654295193
28 425.772138348 -9.84321739063
29 424.83839935 -9.76644313875
30 434.048204331 -9.60455807196
31 454.899938498 -10.2523818659
32 456.585915483 -10.1320947856
33 403.134190998 -9.25015603588
34 401.965414224 -8.9149004942
35 423.46885126 -9.58681304059
36 433.050884986 -9.56528319464
37 436.206354055 -10.1151911442
38 431.98191953 -9.76441578947
39 399.587798303 -9.15775382589
40 506.685041927 -11.2521068805
41 441.777535217 -9.82074052317
42 394.761305581 -9.15501236928
43 415.0263747 -9.55108595894
44 483.045703846 -10.2523700354
45 448.601517638 -10.0722625917
46 395.347864998 -9.07116184533
47 426.374829954 -9.29103755587
48 453.41736997 -10.1087979478
49 413.373180016 -9.28190001005
50 372.694824795 -8.6202772037
51 393.123969067 -9.39819278077
52 447.56805356 -9.72411411295
53 415.527081851 -9.57970661883
54 413.899424022 -9.32040002485
55 444.104203032 -10.2753729083
56 477.367827075 -10.3424367052
57 495.299675212 -11.1393610284
58 388.033259916 -8.83808650484
59 412.973725586 -9.43485878481
60 414.853825095 -9.23966602563
61 448.737960105 -10.0080873715
62 363.377681074 -8.20757152987
63 503.251763948 -11.2314718785