0 472.4494726442507 -10.160353665833453
1 441.42048999994466 -11.432199167573676
2 502.4579271499309 -10.946456244781581
3 386.72628661632245 -9.313139747023156
4 461.50107145604545 -10.072454163462158
5 443.6689842210401 -9.96481299475899
6 411.5205570272713 -9.427525783671099
7 465.1688751133092 -10.588762149827089
8 459.37914207072396 -10.145002085607278
9 418.03707847091584 -9.786533434616757
10 541.399761015687 -11.56915631211577
11 447.1344525142579 -9.986811328689027
12 484.0333267390658 -10.875079894000738
13 546.2442978079551 -12.27526827930115
14 520.8874374032082 -11.316695324338406
15 513.0047485465482 -11.705618041159097
16 507.9969613284242 -10.714399962718403
17 483.7459557133077 -10.301232716516177
18 455.4481656178099 -9.710846810402487
19 484.9390975654347 -10.276249251710118
20 522.113698880837 -11.318537623416402
21 486.55552494340054 -10.913383807806971
22 457.358349989075 -10.155029287804659
23 412.4341560546575 -9.243474091358523
24 581.5836370706867 -12.105249100243796
25 392.9763475811805 -9.176452458067772
26 520.1375276902127 -10.884356070718189
27 481.4966429188332 -10.523799891912208
28 440.7095280178401 -9.891506561738236
29 509.15159040283385 -11.615394875480607
30 483.6523975838618 -9.136746564723781
31 440.90753130784395 -10.155574900645979
32 496.46623682251175 -11.099994998342684
33 442.04959938330484 -10.297953221230095
34 449.9648667168551 -9.970296774989198
35 499.011177116566 -11.04889326616011
36 451.37770921785403 -10.111651470615978
37 447.23182418753936 -10.196208633386586
38 471.1331606326055 -10.704868692354923
39 460.4239484060601 -10.26805260496692
40 432.0874455847276 -9.889015268268876
41 446.6366791238421 -9.95483919105246
42 486.14567087506794 -10.888606931311063
43 472.8978908892994 -10.924908273768294
44 572.0016631638093 -11.490831770359302
45 614.2065764440534 -13.077140271301937
46 555.2666788068861 -11.826050741697214
47 407.30802609655007 -9.152804890642242
48 464.24504857364116 -10.26497106010357
49 486.97650666874233 -10.274483626725472
50 441.1957734885262 -9.701367995484366
51 474.0038086078215 -10.706232217584615
52 430.57605464979935 -9.69796693423843
53 442.3261896098827 -9.948592123738154
54 506.31365081966294 -11.164664399042719
55 442.8265106263095 -9.682414621775697
56 510.4384196312757 -10.900605139519401
57 453.1956823264526 -9.95210650479241
58 415.85526571824505 -9.570130890835006
59 455.2727437803889 -10.049551079954064
60 498.4764920748604 -10.775039294565737
61 427.0595731624579 -9.402750683763037
62 376.7080665740796 -8.18972316596478
63 543.1259765946396 -11.399697702389114
