0 495.437378461 -10.9115065475
1 437.565311006 -10.3084861185
2 440.058265263 -9.89712117931
3 469.242279785 -10.2599862756
4 491.951854604 -10.3741123416
5 515.07711089 -11.4770281285
6 426.40309298 -9.19627874847
7 461.41141324 -9.86114607905
8 437.940715543 -9.58949614255
9 500.428369896 -11.0200446476
10 472.009527215 -10.249324021
11 460.830329135 -9.80602912192
12 529.636296495 -12.0009240566
13 411.232438611 -8.85443535183
14 445.367201314 -9.76300705112
15 483.805449881 -10.5968992251
16 448.918517004 -9.51812389202
17 448.032372631 -9.8124657694
18 434.713503346 -9.24531029837
19 471.072363871 -10.0409384723
20 482.559047466 -10.3344168989
21 433.886304275 -9.37602464151
22 461.977793041 -10.0629244074
23 492.520848887 -10.3886853349
24 617.632302803 -13.0011843013
25 433.544298648 -9.35860943287
26 449.29077643 -9.32314838441
27 499.059476853 -10.7775784091
28 477.419208988 -9.88271875268
29 451.906113842 -9.79706516419
30 453.229511885 -9.91042958297
31 443.98006093 -9.67703315607
32 465.501687047 -10.2279908283
33 438.480055594 -9.58141172561
34 481.353209417 -9.90865535504
35 462.869517013 -9.6800820818
36 451.734448993 -9.23247903316
37 397.887853399 -8.35472149621
38 487.84065005 -9.98023470162
39 458.536502394 -9.77500669512
40 473.148392055 -10.0643054466
41 481.471145317 -10.2080502892
42 462.868897791 -9.68232101756
43 446.160339405 -9.55927696431
44 483.990133268 -10.3457723453
45 497.620374776 -10.750172006
46 538.508385036 -11.3509558895
47 523.827236663 -11.2673100063
48 464.249884952 -10.0382557741
49 548.182171908 -11.8804254086
50 514.608284396 -10.8523312972
51 449.01518435 -9.21264198406
52 502.185066979 -10.7471992314
53 464.839071996 -9.93903000647
54 487.542650405 -10.4058505816
55 490.859675943 -10.2296960627
56 455.293672896 -9.71381279014
57 513.925023146 -10.7980800798
58 405.017124627 -8.77845848208
59 536.76295955 -11.558662699
60 506.592336269 -10.7204135488
61 503.595876233 -10.3846711952
62 464.888437523 -9.89693877179
63 440.109039303 -9.34789908922
