0 603.81597356 -15.4421658338
1 553.465609194 -15.7633361621
2 663.166990134 -17.375343924
3 663.566864656 -16.9241544366
4 641.892234835 -16.4792468818
5 631.553307754 -16.4517619535
6 549.654778526 -13.6960931059
7 534.413524478 -13.7527920312
8 591.794079366 -15.1645308388
9 604.048450864 -15.8875468201
10 565.396038759 -14.6298469099
11 615.82489417 -15.2635126955
12 529.247078868 -14.3039888862
13 540.268080848 -13.9816831512
14 607.071649869 -15.477407671
15 582.530894137 -14.6635481815
16 559.663585054 -14.0071901146
17 575.856922599 -14.7234206627
18 589.512444965 -14.9318635988
19 564.365690138 -14.3413836062
20 670.868268974 -17.3555920578
21 582.244499917 -14.5898745965
22 608.040051247 -15.0507203923
23 522.739395906 -13.7961149919
24 599.364118576 -15.0202337361
25 548.373994424 -14.2694452077
26 685.136986771 -17.4823310361
27 611.005386889 -15.9194047245
28 713.811533 -18.3032322745
29 659.908410541 -16.9976202645
30 617.354687049 -15.8015941022
31 593.761556181 -15.3969175106
32 633.42980916 -15.9862255585
33 632.328019918 -15.8201806975
34 634.629438624 -15.4591366086
35 547.418738378 -13.8570819344
36 631.408883053 -15.9733324918
37 606.666956282 -15.4342518121
38 589.025342991 -15.2496381758
39 672.13386636 -17.439195212
40 634.221094354 -15.9941814235
41 661.363989579 -16.4010554619
42 677.670913091 -17.4648457031
43 621.610850229 -15.7462889025
44 612.78003038 -14.9706325247
45 641.265316373 -15.6289248729
46 596.989036232 -15.2282956498
47 588.639734801 -15.225304051
48 710.193919613 -17.8543373584
49 657.047910037 -16.4497502692
50 658.912796457 -16.8750713065
51 615.125288339 -15.7472936398
52 662.397232525 -16.2641673619
53 716.455007897 -18.2468838666
54 634.673952727 -16.1110485234
55 626.390543861 -15.9912280993
56 679.993829016 -17.5103803945
57 592.603215024 -15.0471983217
58 562.747642686 -13.7003276774
59 646.963136144 -16.0385713913
60 601.629647438 -15.3608376743
61 696.259753851 -17.9275728789
62 628.550025368 -15.538216314
63 626.872916859 -15.3948811123
