0 489.845508482 -10.7029414476
1 526.908387635 -12.8032742073
2 566.580127774 -12.5265094264
3 494.297111949 -11.2410464431
4 488.657809583 -11.0305599196
5 485.661481662 -10.9805665683
6 466.210811513 -10.343748836
7 483.115856664 -10.5830943158
8 451.325439329 -10.2226475266
9 449.33938355 -10.5174155865
10 486.743093548 -10.9412627374
11 486.88093229 -10.7799114864
12 516.768403818 -12.2720627497
13 495.411754784 -10.7522027736
14 566.497990221 -12.4167975538
15 470.796996898 -10.4586722427
16 436.781888233 -9.76707558088
17 438.850893211 -9.7580505047
18 428.542397544 -9.74394768103
19 476.20168122 -11.0183244158
20 474.416546874 -10.5611097134
21 478.281416185 -11.1239840747
22 455.176650404 -10.1389964634
23 459.504856306 -10.388447037
24 512.978739851 -10.9840051411
25 445.512472288 -10.2570805996
26 391.730832409 -8.33528354014
27 457.978445219 -10.2171963817
28 439.173760169 -9.59646506444
29 435.805824913 -9.73436187911
30 513.24026556 -11.1557376615
31 432.396678461 -9.80182888267
32 502.618990589 -11.026197445
33 417.177128343 -9.66901622799
34 473.173532588 -10.5508305144
35 421.211077622 -9.49772778332
36 449.288975391 -10.088806107
37 423.877815046 -9.83371581555
38 503.490679535 -11.1286669924
39 436.159501157 -9.75367542193
40 507.288360243 -11.0914877595
41 466.346427908 -10.2695339209
42 462.649285439 -10.068929954
43 516.057350939 -11.1723380761
44 475.791896277 -10.4929417059
45 504.28977779 -11.2674696284
46 455.629811407 -10.2845552692
47 436.813966766 -9.72223393968
48 458.797180102 -9.26681224212
49 490.639579814 -10.8343112305
50 426.552239556 -8.99341756351
51 468.362077233 -10.4472623724
52 475.053884492 -10.5611506469
53 497.605821228 -11.0378421216
54 476.079214298 -10.6748605682
55 440.25526208 -10.0051878064
56 463.214275598 -10.6063580667
57 487.532916536 -11.0684414568
58 468.910711406 -10.2627544952
59 463.866822769 -10.3514491304
60 488.333694389 -10.8832765057
61 477.639505675 -10.7341911994
62 470.6704378 -10.5470770938
63 557.88564811 -12.6974082411
