0 503.031331679 -12.6004835965
1 556.414340563 -15.2234890322
2 580.158393167 -14.0044853621
3 467.955351729 -11.940977716
4 566.985278503 -14.0449559911
5 536.14199086 -14.1839133712
6 541.620478344 -13.8817915365
7 521.555461153 -13.1937112964
8 625.698191311 -15.7442712924
9 567.171643541 -14.7109080393
10 481.474208199 -12.0909887784
11 524.385005682 -13.2121980842
12 556.312580637 -14.3387746704
13 465.013022431 -12.0342297894
14 511.232885974 -12.5617260267
15 554.801389173 -13.8978022641
16 517.727658243 -12.9850426087
17 576.128062903 -14.2817684835
18 517.06534316 -13.3173076256
19 509.680922258 -12.8444305578
20 529.133854246 -13.9004861135
21 465.545440738 -12.3084992547
22 553.899687911 -13.8915445641
23 495.716668687 -12.6139527545
24 480.618523752 -12.3467360256
25 507.310429117 -13.3448531976
26 496.724367912 -12.0127613336
27 634.880873361 -15.748388426
28 471.432150206 -11.8621116253
29 468.61582697 -12.2910143906
30 488.397141132 -12.3607132302
31 493.675761363 -12.4734755085
32 502.094341452 -12.6077286567
33 516.92597914 -13.1211971753
34 530.108189673 -13.1854324663
35 537.253908883 -13.6563807759
36 596.894471855 -14.1850838315
37 555.584458648 -14.0761484786
38 573.452197031 -14.0921100599
39 614.648838139 -15.7073719015
40 525.140270713 -13.1694412714
41 510.848243159 -13.0666146995
42 482.007549137 -12.241095402
43 609.605238503 -15.9387952198
44 539.71152434 -13.0774190452
45 545.198183575 -13.607730262
46 614.01356464 -15.3816828161
47 507.687411447 -12.753443682
48 557.407118645 -13.94269947
49 494.035632459 -12.2759498821
50 518.080406166 -13.2318226765
51 536.777902628 -13.3080077484
52 476.081064878 -11.9647975492
53 558.036126448 -14.0613109984
54 500.715446917 -12.5853068323
55 460.912830625 -11.702493094
56 506.517283662 -12.4510260562
57 484.363138442 -12.5018638111
58 498.805140594 -12.9602579554
59 497.23268809 -12.6633990326
60 507.10727253 -12.5214952727
61 521.311713775 -13.4725391235
62 526.393938086 -13.4695792954
63 523.179941793 -12.5638004923
