0 534.207119874 -12.1358564547
1 474.41003529 -11.9930361195
2 397.199426374 -9.62010331647
3 492.073694414 -11.5846235019
4 460.335145575 -10.5975444375
5 492.07328248 -11.7083264056
6 512.144877329 -11.3255831024
7 509.459474674 -11.9159583802
8 495.977950418 -11.5538132158
9 406.747388278 -9.64088670262
10 444.723305721 -10.3018199922
11 492.720843196 -11.0263551137
12 532.342091324 -12.7068867208
13 560.436812347 -12.8974853116
14 420.838788532 -9.80449276726
15 474.952489495 -10.9605743504
16 520.07468754 -11.7086554267
17 441.395611207 -10.2627261165
18 432.446844612 -10.4293774922
19 515.979309789 -11.5575689378
20 489.478457762 -11.9542686611
21 518.851050666 -12.1316657492
22 486.573076616 -10.4881571825
23 451.331266771 -10.7046344254
24 422.089127405 -9.82218139172
25 481.538317534 -11.3747724263
26 491.568525297 -10.8156703195
27 453.171008799 -10.8815075596
28 592.716282303 -12.6869774959
29 504.228160586 -11.7824796468
30 482.04882851 -11.5187880526
31 441.905095229 -10.3611668998
32 481.484396486 -11.2589481709
33 465.645372949 -10.8627479312
34 465.40021319 -10.4155404241
35 452.893410494 -10.5033924963
36 465.003832473 -10.4027462158
37 476.461711284 -11.3295269446
38 457.03716154 -10.6907399488
39 421.304953239 -9.83222495898
40 503.441301081 -11.548241548
41 519.753141658 -12.3451747373
42 459.049475035 -10.670110749
43 409.155699838 -9.42987582132
44 493.195561161 -11.3795605666
45 486.852123114 -11.6054823292
46 475.687176825 -11.0506860223
47 524.386165647 -11.6489706131
48 406.932253782 -9.55801123221
49 492.228111431 -11.5795498354
50 493.97886212 -11.1989470586
51 485.835719901 -11.1355506043
52 477.769452792 -10.7037476687
53 477.948245289 -11.541065816
54 542.675778764 -12.5802213164
55 480.561215612 -11.3670966404
56 508.740525765 -11.5565691055
57 496.753850201 -10.9818511015
58 498.393080373 -11.3344565096
59 486.749006303 -10.8972774631
60 458.49657387 -10.5697925546
61 440.3796787 -10.2799263415
62 540.992496328 -12.5041512047
63 551.646798 -12.4497399039
