0 547.2249509851915 -11.424035819405432
1 542.0560403591244 -13.69859850844604
2 529.75680226278 -11.615112990992191
3 552.1414379363508 -11.733958763800938
4 504.7339294496981 -11.305635581381962
5 685.1035091641162 -12.838537240693938
6 521.4829047611641 -11.723776810698977
7 640.2188739542131 -12.039784998130031
8 504.6988737048947 -10.441654228846378
9 507.16751814302336 -11.80476849125023
10 543.1807597040735 -11.913492835898657
11 610.852163708354 -13.893635561487953
12 516.1029094712115 -11.56207875060194
13 534.651789068497 -11.265015027232264
14 625.4408251088157 -12.988883373659451
15 575.2823193466271 -12.585365613736247
16 552.5318984517771 -12.037914347813729
17 517.1633929865648 -11.646083994350306
18 533.4289378738612 -10.609679390064818
19 606.3573802257102 -12.756324659443788
20 None None
21 559.6705237061966 -12.232571005804964
22 543.6072036276344 -11.252652917654329
23 609.1515927195255 -13.775280043560326
24 598.3129524962656 -13.244368882857156
25 553.2318713265274 -12.012029673588879
26 509.94392585200535 -10.843469721531566
27 485.0593434852945 -10.81772824810922
28 630.6089287440161 -12.817949813923667
29 595.8797773590377 -13.358441634742794
30 526.0713038048445 -11.71832473135829
31 608.5345815834353 -13.514744292107766
32 488.454024460153 -10.259348235246806
33 589.7799652796479 -12.857152718305583
34 531.6649835011181 -11.36062588028493
35 596.2428695453945 -12.971530466986295
36 563.9366078129987 -11.543479316615961
37 525.2679886873257 -11.476773228278883
38 576.1205979606943 -12.744103177349878
39 492.3780708085421 -11.12703252670444
40 543.2647553213058 -11.433805386482785
41 588.3745890303748 -12.501557124637563
42 534.314018266969 -11.702598187304984
43 594.4885691539893 -13.505513310407684
44 664.2232185239889 -13.83150706584515
45 621.4129532087015 -13.349340892164633
46 592.5731540307644 -12.962637260281575
47 516.281937454213 -10.545418020853896
48 483.4977348991831 -10.72965049829396
49 495.6491431454694 -10.427734231540688
50 541.2571862841442 -11.253155431865462
51 572.6651363144587 -12.534017799601223
52 522.5701493046394 -11.89892850274671
53 656.8636543260101 -13.855167373323978
54 615.530734537821 -12.885486505059905
55 506.7271895549717 -11.53627014427722
56 494.62005900094033 -10.931650064028256
57 601.5837406157937 -13.597496934266404
58 523.5884537746635 -10.507959984371475
59 564.8168166248134 -11.367360739848754
60 547.0879266128627 -11.736319107371228
61 625.75702400349 -12.767053124060418
62 538.7968107541103 -11.947483826731883
63 660.3011802092159 -13.223071583854981
