0 615.6528669939257 -14.672635677706657
1 539.9861511747849 -14.188955520302681
2 559.6014072096042 -13.365732609373463
3 581.1959887878658 -13.254048500800746
4 535.7113966529728 -12.154841509890364
5 543.3535234163637 -12.735133921385952
6 530.7099778380581 -12.644643830598435
7 668.5952102070867 -15.288825651843096
8 639.768856706546 -14.756751461920851
9 491.69254086344085 -11.590204809714614
10 592.0759229313436 -13.991875431866568
11 609.1498416879949 -14.071868846662234
12 695.5859606784899 -16.64684190033354
13 519.232761764042 -11.99332150804443
14 537.72187531318 -12.317248161919155
15 572.3638031620486 -13.378268702900609
16 592.2143346928447 -13.54438255116621
17 666.5609263635822 -15.25777152361592
18 626.9837140323136 -14.09284811844214
19 515.6257537853874 -12.05427449898452
20 585.6599241380752 -13.683027247818853
21 649.632778281957 -15.139722065752292
22 546.2022550250582 -12.305869369796303
23 561.4911854927609 -13.015097345340862
24 684.0349339804235 -15.428670331562214
25 595.2638760427448 -13.991654920922063
26 627.1713846399756 -14.268112486397163
27 641.9959307080308 -14.050324283493502
28 552.8369888042338 -13.151694723612088
29 599.0541895932749 -13.888113078791642
30 662.7303675414647 -15.136474823751355
31 586.6977336652914 -14.155136845854727
32 556.6050671510627 -12.773819567183383
33 614.3208556322153 -13.344103549371583
34 578.8392443007109 -13.565046065303141
35 531.8874116039372 -12.853299773461519
36 616.1068486322736 -13.996042983932753
37 589.6146000547296 -13.405239503167238
38 602.399931291306 -13.33633927113798
39 584.7953635898134 -12.821736187791721
40 750.3475716680224 -16.513420958666774
41 580.957693279002 -13.389212553757876
42 596.4767732226273 -14.120669862067992
43 615.4118757680538 -13.891762092588921
44 531.4978115784631 -12.58608217531406
45 584.9128926358296 -13.523522596730754
46 587.1806312329645 -13.6352467707239
47 572.0000366443476 -13.568848413292725
48 585.0798169756276 -13.202732465197984
49 573.1796758444841 -13.02257218712596
50 556.3910676706171 -12.835502087602782
51 675.3317458310898 -14.997674068512724
52 571.6939599161368 -13.018242658884223
53 511.80621999348415 -11.591190762688093
54 661.0584276411774 -15.155679439873342
55 522.6456548472054 -12.094885693431918
56 512.5028337782904 -11.788203820635141
57 559.4020933342988 -13.19217622362416
58 647.8307813490346 -14.711924704630182
59 564.0263805595457 -12.66378390234831
60 515.3149834758926 -12.093119440357226
61 650.0801745806002 -14.664446632440074
62 545.2698703734723 -12.54528323131656
63 574.8015538119279 -13.035447482885651
