0 473.929769201 -10.5452898538
1 475.116483852 -11.5721415119
2 451.108590233 -10.7388240374
3 440.044141172 -10.2796244695
4 580.02323299 -12.3662698357
5 514.616589766 -11.8239614919
6 464.467628949 -10.759827688
7 513.854219874 -12.220225034
8 473.987761471 -10.9463511115
9 445.635265134 -10.7190673844
10 440.296542069 -9.89641747759
11 591.420684963 -13.3157097058
12 535.177910361 -12.2532163329
13 524.294583439 -11.8171984487
14 522.127594828 -11.5985301852
15 436.853375789 -10.0325665348
16 508.916711309 -11.657226134
17 449.422455388 -10.5930854338
18 519.100281867 -11.2636311986
19 491.059945972 -11.365586056
20 541.691704042 -12.247743214
21 504.445390838 -11.6866267118
22 409.883290062 -9.60693968133
23 556.736568736 -12.297188281
24 542.787174146 -11.601752207
25 477.20905497 -10.9984590037
26 473.248406247 -10.7702990856
27 529.211844085 -12.7166387918
28 520.979304538 -11.8480089757
29 510.469496868 -12.0815126071
30 537.658314317 -12.0153059739
31 551.547354004 -12.6892547494
32 515.30277031 -11.538240285
33 464.355935426 -10.7135183242
34 574.398732931 -12.8527976477
35 485.652959132 -11.2748827476
36 491.925577565 -11.5975549501
37 521.292934978 -11.7350500006
38 537.536377861 -12.0839280084
39 513.94864542 -11.8441886928
40 469.309200363 -10.5405607023
41 521.775192289 -11.7297865764
42 543.86665622 -12.814576321
43 498.790102208 -11.3842667881
44 543.947939383 -12.6620644022
45 519.677001964 -12.042035764
46 518.587030034 -11.8670461028
47 519.203281743 -11.7069233792
48 470.481048745 -10.8789775068
49 551.3422196 -12.5147693387
50 529.253066202 -12.0936573677
51 468.003733517 -10.7628148289
52 535.328007351 -12.0807313628
53 481.859718751 -10.5631942044
54 514.724798464 -12.16054323
55 535.879206018 -11.9020977562
56 491.891143603 -11.4657863449
57 498.664651646 -11.7319442376
58 566.860010411 -12.7369812646
59 485.836786265 -11.1959869048
60 547.968178628 -12.1782799817
61 511.218932018 -11.0540778742
62 540.526608013 -11.5623377415
63 466.057595539 -10.6308099292
