0 488.007923519 -10.2062477067
1 519.083976231 -12.4419700914
2 538.428271217 -11.4980377484
3 467.615590626 -10.2644755242
4 508.684908533 -10.8059892132
5 471.691840928 -10.0662327325
6 519.082227856 -10.920271605
7 466.570550549 -9.98705159268
8 488.791696768 -10.656466666
9 535.564646223 -11.6452634201
10 493.509922409 -10.3480868415
11 492.700694308 -10.4651313319
12 590.93097436 -13.1241113618
13 529.779076001 -11.5760615804
14 467.833186534 -10.0694674318
15 554.849548666 -12.110098356
16 543.480948604 -11.4814394358
17 486.050465943 -10.4866837255
18 468.804543067 -10.0814182524
19 517.842008671 -11.3197724161
20 464.655363109 -10.2697182182
21 510.650326798 -10.7939185961
22 469.823051273 -10.220636731
23 490.085172648 -10.2019322022
24 508.828762772 -10.8907238017
25 521.559605479 -11.0707866081
26 499.419784495 -10.7561686884
27 421.75431898 -9.32823661883
28 493.569753315 -10.7800419425
29 516.107463359 -10.9079768634
30 566.03071088 -12.0942659986
31 543.889212644 -11.7241456061
32 530.883084197 -11.3701970914
33 455.552382506 -9.95241316749
34 500.230773922 -10.6017456667
35 538.334777048 -11.5312954517
36 470.78606969 -10.1504378664
37 596.922207474 -13.0152306111
38 555.934666767 -11.8664877043
39 481.032746779 -10.3098037589
40 422.688943313 -9.19369870015
41 458.907513515 -10.0371212248
42 472.961925488 -10.0941824058
43 512.955719962 -11.1946320136
44 521.589963772 -11.1473600499
45 489.260718309 -10.7066092626
46 513.178362423 -11.0143398549
47 540.423822477 -11.5879688727
48 502.127610777 -10.7352482674
49 539.805104024 -11.4151373507
50 504.285551291 -10.8345738084
51 533.751179873 -11.4705443182
52 534.362344393 -11.1637570351
53 571.374533552 -12.2908729734
54 486.724770172 -10.3924876809
55 589.025467301 -12.4633363453
56 527.669842243 -11.2320282329
57 562.79252776 -11.8497624095
58 460.431800943 -9.85967685504
59 456.84443003 -9.66411514095
60 433.429845691 -9.2285482602
61 458.986056171 -10.0479564304
62 500.220575851 -10.7528572579
63 509.331427442 -10.7572889642
