0 646.941496851 -12.4792377762
1 622.984411012 -12.0126566932
2 587.614222792 -12.3416820826
3 622.025909938 -12.084804466
4 658.041349491 -11.7279485447
5 594.123380348 -11.9454629104
6 609.757230808 -12.2083098598
7 628.529582448 -12.4115917223
8 590.504809455 -11.56167434
9 608.261137665 -12.6446337159
10 631.853446939 -12.1465323696
11 547.889604136 -11.2208835363
12 607.703761789 -12.6797058821
13 812.228914043 -14.8255833026
14 655.613646982 -12.4477505263
15 602.71195199 -12.3537061643
16 658.939342086 -13.2527496295
17 664.097030515 -12.3884573745
18 704.882521349 -12.637330911
19 708.861290202 -13.9651914594
20 645.520284835 -12.6966420259
21 799.013463943 -14.8479506658
22 681.550774022 -12.1174629997
23 572.384858232 -11.67152753
24 709.243869085 -13.4901952961
25 542.530923164 -11.0232769807
26 734.974953463 -11.9330037337
27 690.941629544 -13.4810368434
28 629.438799587 -12.5261579899
29 703.368656247 -13.6892111738
30 585.136942547 -11.0717884311
31 621.220207741 -12.10405489
32 678.80906805 -12.7796088189
33 639.695801118 -12.0770568856
34 639.953764803 -12.7999227968
35 666.421889465 -13.0751801381
36 716.291527376 -13.5700973831
37 617.453340341 -12.6222402273
38 638.953691605 -11.193965766
39 739.855052455 -12.0310030189
40 591.795116649 -11.2740982753
41 687.333357569 -13.1371653784
42 539.861493635 -10.4109828386
43 602.223829285 -12.2911488377
44 492.728392819 -9.42924576384
45 633.907786046 -12.4081737897
46 615.750103329 -11.2081585608
47 730.346498517 -14.1940270183
48 629.79318524 -12.3017311576
49 604.684922159 -12.0195792827
50 605.417110205 -11.7403494722
51 588.178619394 -11.7619849294
52 570.821412174 -11.4358292028
53 673.623107096 -12.5821986129
54 698.195678246 -12.6164426039
55 549.589794582 -10.5886403374
56 623.412977819 -12.0358267338
57 653.399938556 -12.9140073205
58 653.035328592 -12.4507320995
59 595.209012852 -11.9301100934
60 619.521827723 -11.7786877603
61 632.272523143 -12.3038935003
62 599.240951715 -12.4535456793
63 634.976045535 -10.9099116819
