0 521.854846318 -12.7236754583
1 484.639718427 -13.2756475441
2 509.522190052 -12.5138683581
3 512.15711754 -12.8037053498
4 411.296203758 -10.3242137325
5 528.735057944 -13.1280940189
6 543.278526685 -13.2630868692
7 478.970341273 -12.0423893283
8 469.827827653 -11.7333153236
9 505.773126659 -12.719902097
10 518.265711863 -12.8375655969
11 472.614928538 -11.805146079
12 507.766617731 -13.2461515925
13 510.278117975 -12.8161522844
14 412.675629303 -10.3296520256
15 466.238914158 -11.7935045981
16 465.04249435 -11.7443037738
17 567.148236918 -13.8756217987
18 479.596462653 -11.7149226807
19 483.95834132 -12.2213578503
20 493.508219496 -12.4144453817
21 460.091447957 -11.380378977
22 527.060819382 -12.9144500415
23 468.878858461 -11.8346050623
24 514.176033324 -12.6185620286
25 508.947314721 -12.5957617406
26 498.077781137 -11.8292300303
27 474.016970522 -11.8197621828
28 543.930066377 -13.320545885
29 420.161347414 -10.197216364
30 437.157183023 -11.0512318723
31 492.982853739 -12.2401162516
32 497.70631153 -12.43223118
33 564.212757888 -13.9877737699
34 479.459065746 -11.8661833178
35 450.972080743 -11.0411913889
36 519.731755102 -12.3919357401
37 544.423862199 -13.2797284261
38 503.108874707 -12.270747563
39 470.896269968 -11.5906129585
40 547.845027821 -13.3071571023
41 508.317137458 -12.3796112162
42 445.886566642 -11.0138501042
43 452.63238459 -11.1078187443
44 564.487437831 -13.6566767661
45 432.635365838 -10.9128045116
46 561.593466127 -13.7150946973
47 485.643615925 -12.0821814965
48 472.736412515 -11.484261518
49 521.778708288 -12.8028893001
50 436.816302326 -10.6962066769
51 446.291592216 -10.8878639152
52 448.996388115 -10.9519342516
53 469.40522203 -11.6366581519
54 519.14044776 -12.4731167499
55 496.529797254 -12.1066275077
56 426.042996296 -10.3819791818
57 509.155395346 -12.5192498389
58 479.623446841 -11.7232980732
59 523.840841732 -12.8522144608
60 474.712947906 -11.3452958888
61 455.130682569 -11.2530489356
62 484.950164772 -12.1162380075
63 444.775501887 -10.8332744639
