0 470.197897874 -10.9952617556
1 644.99850923 -17.1543846968
2 541.472961187 -13.0290134164
3 455.799837675 -11.3098524549
4 469.713165986 -11.5320520432
5 525.968353572 -12.9808484161
6 527.458369099 -12.4559650527
7 533.406136005 -13.0546408468
8 562.895842759 -13.4906849571
9 556.339086686 -13.6713021341
10 572.026232101 -13.694595989
11 511.036611259 -12.2935915746
12 530.665759202 -12.9689417188
13 480.358195249 -11.5588869723
14 462.608020318 -11.225008148
15 511.53882067 -12.2741322123
16 543.861267972 -12.8200811104
17 512.660886635 -12.6816659897
18 561.249150733 -13.2829546029
19 485.538111349 -11.6634968068
20 514.188770229 -12.4375252049
21 459.313911379 -10.9045385567
22 497.141141259 -12.1746837541
23 477.436347299 -11.3974231431
24 534.015888855 -12.631418326
25 551.305571422 -13.2737347852
26 492.06379971 -11.5196469988
27 505.58775909 -12.1598130356
28 518.285061983 -12.1421030018
29 575.407663881 -14.0402969533
30 491.900215468 -11.8551914069
31 547.157761963 -13.1864755717
32 470.87059016 -11.1464247939
33 496.25614618 -12.0560755212
34 475.588971137 -11.0379766
35 412.302657068 -9.9594494872
36 529.446670022 -12.6501055076
37 495.565067351 -12.0294599999
38 505.574773672 -11.9104473234
39 465.873663307 -11.2377010311
40 448.922013191 -10.7339371592
41 530.815387417 -12.7622446979
42 599.562481474 -13.7903632469
43 470.701986001 -11.2206239746
44 473.077447127 -11.4951517555
45 489.974479749 -11.9116666588
46 453.636768487 -10.8038084207
47 441.883411583 -10.7292761095
48 525.02288429 -12.4517966802
49 514.068766708 -12.0493261036
50 495.820126878 -12.0657044624
51 475.791691017 -11.6375303684
52 476.357446321 -11.3760289137
53 432.492032396 -10.6334553393
54 517.962727157 -12.3120256217
55 449.569976747 -10.8392639162
56 488.200956823 -11.5138763022
57 458.423056256 -11.5704848166
58 454.233779564 -10.698857384
59 520.143990901 -11.9773690824
60 451.27746996 -10.7974255206
61 483.278773014 -11.7994863347
62 544.920003976 -13.2645166779
63 456.253824197 -10.7338505689
