0 469.0982616329148 -9.633237067148647
1 509.0443980924329 -11.413033692886104
2 449.655571855413 -9.787020767199678
3 545.693791088674 -10.911878347686939
4 514.9579152326181 -9.934953300584699
5 515.3671923090759 -11.268519655820358
6 465.89641101552763 -9.977912417983553
7 487.37384113003844 -10.70942046692254
8 595.4929945088082 -11.541344589942275
9 485.64176728366914 -10.547171493895316
10 465.3743815485888 -9.185869810635058
11 470.9658590304812 -9.909382325456258
12 512.443310659931 -11.296965637282973
13 436.80937129324235 -9.302080232353909
14 544.6227700355071 -10.659599454012255
15 451.14848073937384 -9.230910808910345
16 596.0473339010234 -11.6874822956414
17 446.6420375883963 -9.206520263227649
18 456.85759631892864 -9.220807411416502
19 487.0628946218596 -10.004773035218383
20 425.12072918297184 -9.225081813832878
21 516.6258687934213 -10.354274944536423
22 506.9555876067444 -10.205877990352393
23 480.3484319947457 -9.50397294603284
24 528.5164080575115 -10.757781928803752
25 452.1190269823589 -8.96935275077393
26 578.5917704751203 -11.573141570691993
27 552.2924497853749 -11.08420186896371
28 482.62535972662783 -9.792983537292644
29 663.0868384773725 -12.00757587687506
30 522.8915393703505 -10.61748670737127
31 441.6930911354729 -9.224533900441806
32 448.3244683395838 -9.132922634029836
33 416.485417032519 -8.739035970448866
34 511.36150854278253 -10.182629772085667
35 467.60388171643376 -10.04530541339883
36 541.3728478893299 -11.133831481166062
37 511.6726216801793 -9.53344515310351
38 442.8554388152261 -9.486431005893609
39 621.7219131894363 -12.87495926383982
40 480.0780343245759 -9.698585373649147
41 481.86412724274805 -9.996241175241819
42 461.11194458996124 -9.873319878017181
43 473.7818537951615 -9.720241043049452
44 414.78068177173003 -8.764779143237728
45 452.2783636772425 -9.192535576263001
46 468.93931519656496 -9.706028448954605
47 439.6578275760416 -9.316433272861111
48 431.8047749081842 -9.488516341288163
49 506.4766442079122 -10.002209895052413
50 618.8329994069454 -8.934179485313184
51 572.2965388789517 -10.845479582992226
52 461.89797344969 -9.700200299736464
53 433.8800981067484 -8.927881162134536
54 423.75401070080983 -9.341075233003654
55 390.21405161601405 -8.390031370277082
56 439.29265633174134 -9.469595079100305
57 462.6725873084126 -9.688002322964756
58 482.3126758895759 -9.468746721686106
59 475.9170508216302 -9.234618020742573
60 405.2449906752946 -8.490836336374963
61 532.2685276154729 -10.862834947834216
62 538.1728859599937 -11.091220466120037
63 495.77738377291536 -10.496661710644146
