0 543.672973382 -12.8083572561
1 484.738870653 -12.0197467652
2 486.189274755 -11.4197154411
3 509.717692288 -11.6380831057
4 474.282859955 -10.6549296446
5 443.138597366 -9.77474355216
6 499.683849679 -10.9153296455
7 509.175621357 -11.3900150855
8 424.595441533 -9.44076890981
9 441.071540973 -10.3422126092
10 409.502069977 -9.42251180158
11 418.211274163 -9.39361735926
12 495.505020603 -11.6044175982
13 429.703733127 -10.5154550583
14 506.857446269 -11.6974718838
15 477.48672478 -10.9426414365
16 459.153468246 -10.1747904695
17 473.311090547 -10.6374023485
18 479.342230246 -10.4358488527
19 551.875084238 -12.8272952559
20 466.734088789 -10.597868317
21 499.210754732 -11.6769230452
22 442.346866238 -10.2472751337
23 442.066945612 -10.1214779663
24 444.007430145 -10.1687867297
25 452.362600418 -10.5237079423
26 497.560140577 -10.4644741851
27 465.809694594 -10.6087691501
28 442.68264614 -10.5254258635
29 464.076626165 -10.3996818832
30 461.42949343 -10.4339040772
31 464.99380246 -10.557444032
32 467.037944361 -10.2492208142
33 423.521443595 -9.65706065211
34 417.849214617 -9.61195373098
35 483.917288512 -10.6860880577
36 544.369949278 -11.7347842333
37 498.259556003 -11.6931622535
38 472.278268119 -10.8244802794
39 444.15623504 -10.3793632319
40 490.508408637 -10.9664163276
41 456.3540363 -10.298620364
42 472.013054416 -10.4834903118
43 460.166231807 -10.0167367555
44 452.594017625 -10.3084634795
45 489.109093831 -10.8123185242
46 575.148377586 -13.0550503967
47 434.078013375 -9.93628113554
48 469.995795784 -10.8520718645
49 420.324509307 -9.38702437326
50 446.352624761 -10.1125005138
51 461.667055945 -10.5462095516
52 435.854727785 -9.93749011421
53 446.802664061 -10.2226029685
54 463.224396542 -10.7575542632
55 499.641752837 -11.7748603356
56 446.546340103 -9.79061557529
57 433.675673451 -10.3331813071
58 491.674324851 -11.2813392693
59 459.472443488 -10.5661252711
60 458.147609915 -10.48992208
61 500.535739943 -11.7089001011
62 550.867653222 -12.4598141652
63 485.938608839 -10.4918921691
