0 482.981244224 -8.00024578339
1 487.71210848 -10.0101645594
2 411.046161642 -7.84525806681
3 504.02904752 -9.17358877271
4 618.732975552 -10.7863551293
5 475.081617205 -8.81182288056
6 491.06046985 -9.91263407388
7 505.37514967 -8.87534124263
8 473.504726506 -8.85201167566
9 502.585926115 -8.87581257985
10 455.750845916 -8.26845619347
11 405.173144064 -8.47922525964
12 421.868649069 -8.83933207328
13 433.834650773 -8.72003194776
14 526.331798023 -10.4415765933
15 497.373790389 -10.4000765096
16 456.151811497 -9.04676595856
17 450.647936925 -9.05522638662
18 538.327502544 -8.86679711032
19 493.279675756 -8.8761002054
20 482.368690591 -8.94119557367
21 546.154189996 -11.2375095715
22 447.971738521 -9.04246804706
23 494.478384275 -8.14097986583
24 422.354250707 -8.20679587939
25 440.378876603 -8.23683377634
26 423.566388906 -8.42285269019
27 471.276969225 -9.3861290209
28 520.441805794 -10.1518567315
29 516.330364325 -10.5154888773
30 482.608255339 -9.38627460944
31 439.940800991 -9.12836590627
32 442.67833891 -7.95852221614
33 531.129768427 -9.74791118323
34 452.600560782 -8.23572048936
35 493.256616341 -9.0977682308
36 512.06928482 -9.66429461326
37 509.609634029 -10.1593031748
38 519.843978218 -10.1931943347
39 488.826116915 -9.18045595987
40 492.410581372 -9.98791726129
41 509.881125912 -9.98743224511
42 494.986725109 -9.441223751
43 433.985754625 -8.57081254673
44 465.595978049 -9.71145032066
45 508.303818166 -9.9459885738
46 470.956122211 -9.63865011956
47 528.71483089 -9.655610979
48 490.152917625 -9.21803391973
49 464.603304261 -9.39141979133
50 441.232901517 -8.96885355987
51 458.338868968 -8.78563286796
52 519.650094378 -9.23260959045
53 457.365420907 -8.15788008052
54 460.869573156 -9.17714047702
55 514.596123906 -8.99690320522
56 438.125512751 -7.78147377694
57 479.060673258 -8.79548559995
58 457.689612759 -9.30974777155
59 495.802359531 -9.06912599215
60 477.795682986 -8.37815266875
61 493.989557694 -9.36271594212
62 414.348285529 -8.74341925359
63 490.009204279 -9.34409916042
