0 500.750628598 -10.1632228619
1 446.789730701 -9.86603717073
2 485.410682089 -9.76936392186
3 437.632107193 -8.84711625115
4 507.480245144 -9.84093861631
5 504.062850863 -10.1011426588
6 467.933089792 -9.40582751563
7 450.413078603 -9.3003778144
8 408.228954863 -8.08929899594
9 540.922891302 -10.888239431
10 487.708954847 -9.80143606855
11 505.524132394 -10.0181118265
12 455.93004643 -9.80935777957
13 518.377635336 -10.3655690771
14 505.664240427 -9.784018909
15 445.578453464 -9.17191121434
16 536.507237967 -10.2134072872
17 414.915071351 -8.56576003491
18 517.337840804 -10.242863766
19 446.948447922 -8.97372988491
20 436.175592521 -9.02880644245
21 497.620352313 -10.3538229855
22 479.037653811 -9.15575509251
23 428.28991493 -8.78188754139
24 536.912273585 -10.8211835166
25 458.855030704 -9.56827697745
26 470.708346124 -9.22276948189
27 470.428020144 -9.47193870106
28 406.222344442 -8.15699197774
29 446.643831536 -9.0648138977
30 449.153823937 -8.95078962135
31 521.795782457 -10.5853681869
32 510.774108613 -10.2124384158
33 470.118565043 -9.20306617965
34 432.020501151 -8.56008417652
35 487.728969203 -10.0588346608
36 507.8876137 -9.87920616338
37 441.657343003 -9.03770230349
38 528.923072021 -9.95645931141
39 455.398075786 -9.06539890567
40 504.716780996 -10.5996011937
41 529.58495056 -10.8661026446
42 496.755836192 -10.1933535265
43 471.045548813 -9.95518841357
44 521.588216461 -10.3876342335
45 490.53446505 -9.790673435
46 501.105525036 -10.1380022641
47 464.486184838 -9.3408963154
48 510.604359706 -10.3424301744
49 530.510446252 -10.3182786817
50 457.178639242 -9.26818746336
51 500.29955781 -10.4382255195
52 496.885162523 -10.135187338
53 482.683456996 -9.79693432267
54 459.822116109 -9.11366291889
55 450.938123962 -9.07937968084
56 440.852632796 -9.13448803905
57 477.059480978 -9.86985188572
58 452.75237416 -9.01231427926
59 443.382280819 -9.02651216106
60 512.304385701 -9.95754030258
61 523.307300508 -10.950971195
62 484.975221914 -9.78051820331
63 461.346761163 -9.43204603457
