0 436.94597150216373 -9.119320380530125
1 581.5090875088221 -12.45607690131443
2 545.6213452747614 -10.77572369761783
3 474.3116510939568 -10.065924059542514
4 542.1337564038084 -10.999379691118447
5 551.3089876637378 -10.637081742636617
6 486.2000329951661 -10.063207637935193
7 440.46792613894615 -8.87626869707061
8 460.1970128681558 -9.551887929645968
9 537.6536910042175 -10.491352212792037
10 561.8966056614942 -11.110102944081063
11 495.9488105063892 -10.341082388315762
12 588.0142527382293 -11.165655358929634
13 494.7913960119437 -10.417031863300323
14 496.24309752956265 -10.486765030521479
15 514.1618754750606 -10.744975353800198
16 542.4447572905029 -10.816243229126371
17 505.1376277914885 -10.004732451553794
18 513.986363796837 -10.66974744252019
19 447.3064757847589 -9.324308655252013
20 526.6351726255423 -11.081008419048104
21 494.3663195414456 -10.074320811752525
22 495.1789535376862 -9.790059883162277
23 520.8293349341477 -10.468690598014533
24 581.1914988156202 -11.028228318617323
25 481.27928380106994 -9.76577474714336
26 484.6005779610839 -9.845035057843198
27 574.2865985894431 -11.828188769126047
28 540.742893108569 -10.937678739509991
29 None None
30 486.6816958392121 -10.03003511677899
31 465.0587892295111 -9.529987615505524
32 532.4817868376441 -10.606775461006476
33 519.4387101640399 -10.738874671762218
34 526.0957245615742 -10.413868091370594
35 425.3656125239724 -8.963991121096658
36 519.1282628779522 -10.378002689961495
37 494.904879121217 -10.502400169161666
38 513.9028525913363 -10.707943860975059
39 572.1955894604729 -11.50741083245464
40 460.3109614440642 -9.582001940144346
41 519.5017818981396 -10.378011156885202
42 613.2142506822498 -12.21716353591963
43 581.7388577667467 -11.94239357395803
44 524.8199111235466 -10.33733760337767
45 442.97967130267716 -9.318088707817667
46 525.2556951774087 -10.418611137660923
47 529.3649597191952 -10.48304384380246
48 562.7359908777768 -10.986266205311194
49 525.1919978568412 -10.97152240464688
50 560.2685916475975 -11.554751038519859
51 533.4376194412733 -10.837552480720603
52 542.8881056578477 -11.3314067514062
53 507.75501191599426 -10.152507342475479
54 505.5598267912886 -10.33493841396322
55 549.2620541874463 -11.125396594208288
56 569.6407961215646 -10.787561166732369
57 641.1708971738256 -12.350373915114773
58 547.5083938395298 -10.899530083511987
59 466.14072117074176 -9.48099606841508
60 535.2284536099189 -11.049656315635165
61 533.7742494117468 -10.818818060300176
62 448.93313475431125 -9.544976388178368
63 547.07132053553 -10.793831866972818
