0 562.938345878 -14.0867724526
1 625.285461579 -18.0220154536
2 564.997079442 -14.2181535669
3 533.102728539 -13.6274405607
4 473.944430089 -12.0913702184
5 533.697997235 -13.4904921688
6 511.371741963 -13.1295162277
7 529.926552755 -13.5965059407
8 571.94691856 -14.8066934984
9 559.278332051 -14.6153630289
10 528.608387708 -13.2183380505
11 578.246330754 -14.8218533443
12 481.292983363 -12.9394051077
13 589.107252703 -15.1809990697
14 463.57343667 -12.2343511087
15 513.288616778 -13.4338634896
16 576.560590794 -14.3276912766
17 530.355379587 -13.7235837334
18 549.410767211 -14.2259486321
19 542.365482451 -14.3436762043
20 484.390303694 -12.6447360325
21 604.119975886 -15.7180084143
22 523.151845121 -13.3028063876
23 544.912618013 -14.1425925256
24 518.901171928 -12.9488709071
25 537.899704826 -13.8526487488
26 504.003898847 -12.9505636452
27 534.463206164 -13.7849142846
28 630.111984578 -15.9041325315
29 539.955398005 -14.2089130903
30 505.770402268 -12.9301264627
31 477.273249112 -12.3651306383
32 534.442604655 -13.6782815225
33 511.347588615 -12.8585606064
34 546.272911142 -13.7382327942
35 506.693598524 -13.1756103463
36 581.608200851 -14.7629050136
37 539.222497176 -13.9155971205
38 469.282020126 -12.0087171457
39 522.649287407 -13.5659663015
40 578.524491963 -14.8866861489
41 536.580548463 -13.8710895714
42 534.920015377 -13.6604049647
43 523.528267411 -13.6635891672
44 594.242350999 -15.1264465301
45 535.293353717 -13.7754427097
46 533.149252071 -13.7150467272
47 539.022794074 -13.8246636305
48 506.684008394 -12.9748153805
49 531.789230272 -13.9948251223
50 506.476854803 -12.7942905522
51 678.892833098 -17.8636120407
52 528.485180605 -13.4064188121
53 516.649177538 -13.2191912601
54 511.551212257 -13.115078752
55 484.851904255 -12.510409424
56 561.362803244 -14.2314218054
57 545.851981872 -14.3793318646
58 545.985385079 -13.7936613229
59 540.817683329 -13.7568992243
60 506.299642404 -13.3062259113
61 539.643364622 -13.9272927062
62 532.069410075 -13.451396905
63 516.277046951 -13.0615014765
