0 442.7721078173334 -8.970477043165268
1 453.8260977008537 -10.20304164470399
2 403.18699091928596 -8.240908548631886
3 438.2678782646453 -8.882212468619848
4 405.6381592625012 -8.293618281210836
5 411.4372222406478 -8.537546840010883
6 425.61780175214744 -8.464379651140911
7 397.8890728345735 -8.137501798385014
8 420.5242415667887 -8.29437324766865
9 387.4666951188973 -8.175122771165254
10 430.4726822294781 -8.378931193339204
11 483.3940602478221 -9.70477229261545
12 422.2113870840829 -8.953200185224071
13 420.4477931059119 -8.791765678931686
14 470.591702998899 -9.444522408508536
15 389.57482699237846 -7.751511346993599
16 433.3523376127484 -8.534261533933723
17 430.96302172732925 -8.814539369471975
18 407.275477373154 -8.390785874273353
19 386.09514383458753 -8.04303292722446
20 404.33060387359154 -8.488672532085214
21 391.37142314299837 -8.014499872165505
22 407.11915589065654 -8.618713861473188
23 390.90023455782074 -8.244833702694716
24 387.5162928946904 -7.959273240687348
25 414.4696313246361 -8.429341976752239
26 415.7655279291348 -8.363370323319169
27 385.26264158579465 -7.621751849522504
28 482.91702874806595 -9.533018865744218
29 400.6059727030412 -8.2051998980258
30 410.8171731291965 -8.514300493270817
31 434.81258550622385 -8.871861336751081
32 391.2670894210608 -8.104920021840586
33 392.9819794086246 -7.9022443412935095
34 412.3317669359776 -8.371570286473137
35 372.4633259189469 -7.533883971239876
36 373.985849370112 -7.389371574117897
37 426.2274129949658 -8.861439220874711
38 347.0083642484333 -7.068116641541165
39 433.9555611607799 -9.048611610931545
40 414.8134196059305 -8.321354366540627
41 471.15725847895334 -9.612223192035254
42 448.0225353029672 -8.96170527016983
43 422.02099022080677 -8.730345404713924
44 389.9243817038059 -7.911615647090617
45 412.0966383155443 -8.606778078511281
46 409.7388650748656 -7.98734798477418
47 417.29554822839367 -8.83185376803913
48 483.26942361916656 -9.589371011368225
49 493.14663389876455 -9.796077404093685
50 484.1232087720053 -9.858318822938061
51 386.93628743140744 -7.895539621442715
52 417.2472521952184 -8.547627275787136
53 423.860937436792 -8.631708996725672
54 482.11249450443034 -9.80047238075291
55 443.0920326834342 -9.042049519324507
56 436.3013711106828 -8.80875435401571
57 428.6454587411465 -8.783673773593856
58 437.38537385559795 -8.94980076674989
59 438.0913758283702 -8.92686645846527
60 387.9743538751584 -8.012507495982025
61 378.1937164161293 -7.945962656606742
62 428.1259344335897 -8.691312196077797
63 408.28704903291 -8.473929256248331
