0 476.73917851 -10.8228567551
1 486.186632753 -12.5552867739
2 511.899908542 -11.7927108769
3 486.667179062 -11.4340446072
4 555.516786246 -12.4802513297
5 504.538810029 -11.5154977216
6 484.913527584 -10.9877114384
7 527.973107529 -11.7238656116
8 497.598426069 -11.5441212494
9 545.558812392 -12.4409018461
10 492.373159813 -11.0799004308
11 479.041619573 -11.1094641557
12 558.260498545 -13.2830555773
13 529.118259406 -12.2560194341
14 656.273355993 -14.4886013816
15 588.441373203 -13.3156405848
16 491.051146552 -11.2168627753
17 434.987780032 -10.0124577223
18 491.93593377 -11.257959338
19 648.035031847 -14.9233009356
20 583.310084012 -13.9326452723
21 478.414493767 -10.7123826677
22 512.25632819 -12.1041973003
23 532.014731966 -11.0132928954
24 529.612589217 -11.2657011591
25 512.176720154 -11.9553842438
26 490.747312051 -11.0203123265
27 538.297946616 -12.7181316464
28 482.116695899 -11.0907504239
29 496.794325228 -11.5099522681
30 531.9180032 -12.2811841981
31 481.383811913 -10.7316207972
32 495.584367819 -11.2661014039
33 532.295438724 -11.6916951803
34 503.073586949 -11.5293180959
35 542.680452354 -12.0048937082
36 601.840508393 -12.7952577849
37 515.899627783 -11.8054271644
38 526.154064121 -11.4697991391
39 536.329521013 -12.1721190538
40 452.461369195 -10.2482510146
41 547.312329952 -12.5661580965
42 480.966569879 -10.7578896184
43 589.237828843 -13.2606120659
44 531.858800401 -11.9198593375
45 557.428166253 -12.5365668953
46 594.468239584 -13.609534273
47 593.904617683 -13.4941583083
48 565.332370901 -12.9001892656
49 563.980677718 -13.1420683014
50 554.222745115 -11.9717028547
51 500.69177327 -11.4877731008
52 526.240635421 -11.5908412567
53 590.12762053 -13.1865321295
54 589.120098264 -12.7079239937
55 533.439058658 -11.6380388562
56 491.937397807 -10.5734357827
57 547.205606649 -12.5689555814
58 450.049588248 -10.1144785651
59 421.731389154 -9.75354980696
60 477.667776263 -10.7173917492
61 471.906677792 -10.4351532541
62 525.768783734 -12.0626700617
63 603.319804179 -12.5044117906
