0 496.4581231875893 -10.298174614500901
1 528.3010503959922 -13.077847514792703
2 466.3378838578344 -9.868747924020983
3 549.9295293013893 -10.98135880465772
4 593.27609979032 -11.90317794896213
5 479.28866190167287 -10.752604512838213
6 508.3519655176719 -10.608109851040396
7 396.73435256235564 -8.573427993102815
8 561.3711474148226 -12.077183842019632
9 474.8763876924475 -10.199659854477025
10 580.3932175877168 -10.281897328577141
11 560.7641464482676 -12.366237723916234
12 596.3401156757759 -13.283891603900019
13 613.685597133298 -11.20541504075839
14 483.47031068641553 -10.375503489718064
15 524.1909123493065 -11.226133064026273
16 656.5062576318611 -12.039041485379144
17 615.7339136244946 -13.046882985749074
18 492.6244416449067 -9.98190992938991
19 519.0434256495114 -10.760670334349728
20 587.5909218917984 -11.66868563611589
21 606.7918317915593 -13.065077976690626
22 546.8011937059524 -10.748661638024267
23 546.0232964759905 -10.973932598410649
24 641.9235897752709 -12.317485177115591
25 453.50443546034046 -9.857672350362995
26 518.5505414439314 -10.952756159499366
27 635.7766232585025 -12.254863046513227
28 519.8706797904159 -10.54825790287853
29 537.0800705719826 -11.596378478832303
30 620.771670383284 -13.193684108620461
31 547.6093092660312 -11.304374201837474
32 517.2385061103586 -11.471049966440948
33 527.2972349049496 -10.596819205698356
34 501.489927573607 -10.79816295347371
35 499.53442251494744 -10.852817612211384
36 631.9854035926719 -12.224282463369114
37 506.77572816950874 -10.584343293388152
38 480.5881450520956 -10.57179303861917
39 547.1041009766564 -11.79174497631497
40 607.8913834409744 -12.281743466216481
41 581.9518208769186 -11.394700854365952
42 572.4511981765535 -12.096974081751789
43 513.554795154842 -11.023343156855452
44 570.7218597412289 -12.13838821710096
45 557.8232482352004 -11.406059418799723
46 593.3073645487293 -11.870377936680944
47 594.7546308734559 -11.724683639386528
48 443.38761562556084 -9.996176897316142
49 503.2141690292255 -11.405498565462052
50 579.1165172524583 -12.428983787280382
51 589.6792211329214 -11.886434144692595
52 563.5276874587489 -11.789723655369187
53 529.2010442018355 -11.34060339057732
54 492.33175252259844 -10.152045658424107
55 513.8826675917198 -10.478290849775332
56 533.63436654597 -10.778324703270318
57 538.1550375559425 -11.527699005671424
58 581.0009994630927 -12.211132121373685
59 508.71590019797173 -10.836417324839946
60 546.8633990226057 -11.333308732191247
61 598.966087091788 -12.7024299807997
62 560.4931446427092 -11.611931475685298
63 586.1176343318403 -12.701224279891699
