0 472.4644713694184 -10.630914520487929
1 529.1996107581814 -13.336699545717165
2 509.1171679982763 -11.180545110130502
3 490.86599015423644 -10.778611402709165
4 507.31295137179774 -11.290170749391303
5 450.0 -11.0
6 503.7882789640738 -10.807259558247056
7 469.49134350247283 -10.65535641136987
8 452.37171667666 -10.14096020952409
9 449.2258693304349 -10.34885327178068
10 554.0597121322207 -11.98960758641166
11 539.1820238444271 -11.63624199657931
12 566.8502436637068 -12.661416218885671
13 468.8293742989219 -10.502246168006224
14 482.3977690851565 -10.784837913021684
15 533.746183093767 -11.595743534392877
16 535.6394042855476 -11.837681747966293
17 488.75975532802164 -10.841424627040356
18 502.968230131699 -11.108988731671653
19 482.2634683182129 -11.121728229390138
20 512.8596123237185 -11.568943979302702
21 557.7479792442015 -12.54038346843458
22 519.2471444921295 -11.3794399558471
23 488.4992456459788 -10.456481931993846
24 529.6441716410851 -11.548369131717179
25 447.5062192930125 -10.415137199763825
26 536.546623850972 -11.598350927499146
27 433.92230328952894 -9.965056151382324
28 444.65129187465885 -10.108183562348705
29 475.49399646490656 -10.25206156646929
30 486.00326837789424 -10.765127288234572
31 558.8567261440919 -12.320350530680411
32 537.110067321962 -11.834299075288161
33 530.0832228475152 -11.232405788712116
34 558.3476956073334 -12.508765106615455
35 538.2005595527442 -11.811856468270033
36 479.14627359857894 -10.61037068147644
37 460.8774234123397 -10.591294873794336
38 581.5999483472506 -12.254522619511802
39 595.1722632321652 -13.406129005679379
40 469.93925192981555 -10.604572048398921
41 550.6970227243307 -12.44908947250452
42 504.2395777127711 -11.390041292428469
43 459.3719538146842 -10.217427381816522
44 506.67849093593304 -10.941935290415241
45 572.6994695848244 -12.900409418440603
46 486.46283178913666 -10.91158717014723
47 487.1777660807082 -10.805047046190657
48 516.4864311704632 -11.190130878708786
49 504.34938345434 -11.157987373476354
50 551.6883153532112 -12.195246446252757
51 427.584657082732 -9.775755154009655
52 550.5927666763307 -12.070165719840576
53 469.4095761464161 -10.5846430978896
54 590.6095292861299 -12.97436105126877
55 464.07045911545384 -10.402568622769227
56 544.9176665277639 -11.825152814962367
57 479.99039480301116 -10.76753597131346
58 635.7647916109378 -13.655453741094387
59 504.63387672543354 -10.957365390254303
60 506.0977876152192 -11.246279348222261
61 544.7809327980748 -11.448334846351951
62 549.2539690123969 -12.44648794291325
63 509.2482461679525 -11.348348184980868
