0 389.426600576 -8.23616260689
1 431.26282692 -10.1025178546
2 444.349243035 -9.63747560553
3 472.506504369 -10.3451251293
4 410.78959316 -8.8233739289
5 447.27485271 -9.8289251395
6 404.721391366 -9.01733760041
7 411.216975918 -8.74063309721
8 411.252776069 -8.99963096086
9 425.847829717 -9.69210653877
10 507.95691236 -11.1851088936
11 396.198349895 -8.67528527368
12 412.146721925 -9.1662708338
13 506.174967623 -11.0951387334
14 388.365630201 -8.58979222334
15 429.077063089 -9.53381642284
16 472.515839586 -9.93459115055
17 436.014182774 -9.09870581221
18 487.705629523 -10.4632231951
19 433.586719278 -9.16924400789
20 494.426125735 -10.608164152
21 486.40587373 -10.5010465424
22 444.176648405 -9.56334567152
23 485.487261584 -10.6675500821
24 411.900778429 -8.64753091748
25 430.961665939 -9.13090615912
26 461.950007455 -10.0999663695
27 447.4263958 -9.95847441933
28 437.892779606 -9.23728610723
29 496.079571011 -10.6026597236
30 412.792620533 -8.88976166206
31 454.703285524 -10.0718738867
32 437.872386522 -9.53397083681
33 434.488755053 -9.73803495615
34 490.496528099 -10.5257139373
35 431.302783183 -9.30068373018
36 448.52304223 -9.3958167
37 416.696183552 -8.98100094302
38 413.083908596 -8.73611952756
39 429.969233857 -9.06723782133
40 397.821956078 -8.55885097692
41 416.966130993 -8.99436455701
42 408.836270614 -8.93655152982
43 425.840541169 -9.14048621136
44 419.52742942 -9.20641571433
45 467.097864876 -10.0934605491
46 464.937606581 -9.7752727896
47 453.44474689 -9.53540017247
48 566.316052953 -12.1500536227
49 402.123417808 -8.95264762789
50 399.723893627 -8.66865098999
51 468.992988485 -9.77286429335
52 431.493681795 -9.52583699685
53 367.891894604 -8.05385632966
54 442.012445426 -9.552500289
55 406.777138439 -8.58945036459
56 436.321645468 -9.38635117025
57 455.902655809 -9.76733616478
58 421.470413094 -8.88394913308
59 417.575161771 -9.15526443597
60 466.654680231 -9.88570300694
61 425.136949537 -9.20879200014
62 458.876007786 -9.843994187
63 427.823449624 -9.09478561573
