0 535.7124676628313 -11.793156622864865
1 501.7569909156641 -12.285915704200027
2 571.3146956136334 -11.862365913844101
3 512.028462993231 -10.706107381272696
4 559.2267943704577 -11.030707056993434
5 594.0402444665644 -12.395549413281094
6 525.4246557516981 -11.107228147989828
7 690.914934708026 -14.234235363648798
8 602.1753288251402 -11.98927364183337
9 616.6587031991829 -12.669572607722069
10 586.1961045765083 -11.8807481739348
11 494.4539479582156 -10.94286040708787
12 581.6901063852747 -12.473742818127906
13 609.5874674516286 -13.045479755932494
14 570.7499793364934 -11.428686916773769
15 500.3156430098407 -10.937483922445596
16 512.1632163120997 -11.017198991701711
17 519.6653413241169 -11.256453449291753
18 555.2923122507143 -11.682372714284211
19 589.7367161518588 -12.550613782441635
20 504.3688041156578 -11.050302544237107
21 618.7199797978732 -13.223353409527899
22 529.7817378904168 -10.991858403044036
23 570.5923270742479 -12.416063983994386
24 527.1814648954089 -10.75625264530234
25 602.3104554436354 -13.078496733025727
26 638.5108907661618 -12.968925441517548
27 595.1192164676755 -12.398548413676817
28 691.8409067802361 -14.17460022805425
29 537.4350627988478 -11.072289835274924
30 500.68453930118756 -10.624921982991355
31 480.50799973517184 -10.434158508351132
32 576.6518038301506 -11.515467247427324
33 559.651634511234 -11.733589882959075
34 634.2165242356491 -13.177212838819107
35 575.3598585534446 -12.563032645175726
36 576.9762454092333 -11.82033195167831
37 560.8214491067399 -12.27296495932081
38 552.8919636769416 -11.444368438283409
39 534.0533521105893 -11.592798374863916
40 577.8900166472212 -12.056103812508116
41 540.4276571275838 -11.166248601944886
42 566.3050164148492 -12.14881362076452
43 541.6661471473853 -11.849100316742387
44 507.29447556641264 -10.379483382976856
45 594.5107132074922 -12.868043914079431
46 598.3690674780745 -12.14340426314491
47 604.1219523807222 -12.690137115430144
48 567.1783580222074 -11.55192837751781
49 540.6278596102233 -11.76014787868749
50 624.2959594201143 -13.155567909653852
51 551.8465685374879 -11.853561124922573
52 575.9277155883002 -11.236149855414228
53 764.6700489462427 -15.558767624189542
54 649.0443556291202 -13.258070912067728
55 555.9347725602956 -11.90166759835191
56 555.7267302679409 -11.221585756280033
57 567.422078198883 -11.568449996700505
58 588.0976305051653 -12.22755538599382
59 608.0587591564117 -13.00175617629191
60 626.9641437222878 -12.734898002839719
61 516.5204218288231 -10.978517538289852
62 516.3110799507137 -11.188871591537026
63 604.5201696314115 -13.01892667065048
