0 371.320956413 -7.77886289547
1 457.334883172 -10.5204089357
2 418.877920035 -8.66313933781
3 384.068974366 -8.25101115307
4 517.09234917 -10.738144658
5 403.12504289 -8.5567819859
6 510.614446094 -10.7781878054
7 445.733105716 -9.58364631448
8 442.888461714 -9.34295663965
9 435.220087735 -9.25534276383
10 426.497147969 -8.99623226431
11 440.388733873 -9.25055685799
12 410.554259838 -9.11734536499
13 445.766730501 -9.60750331578
14 510.693377668 -10.4891356292
15 403.859178096 -8.541172928
16 472.753169412 -9.77000482015
17 461.096159624 -9.75359632016
18 501.461431009 -10.5319400627
19 479.104032447 -10.0506562293
20 411.989096302 -8.92631949668
21 467.676573377 -9.96147266163
22 487.671042353 -10.2465043733
23 450.075660783 -9.6923106463
24 469.871978311 -10.0285979723
25 499.992336047 -10.6667460828
26 462.173918988 -9.49955055587
27 439.382653199 -9.36984611196
28 580.404895685 -12.2013215516
29 534.37726332 -11.2061130892
30 432.137419489 -9.12960187067
31 448.182621027 -9.47831451945
32 388.543963394 -8.30864323459
33 494.160647626 -10.6829590374
34 432.900077697 -8.73131525885
35 377.062567608 -8.14984428705
36 431.14115138 -8.83264764755
37 476.119383666 -10.1409969988
38 511.712450516 -10.5085888225
39 500.824179592 -10.7915531832
40 484.405023606 -10.219297604
41 498.810394891 -10.0371691479
42 470.271098516 -9.89440290178
43 449.72060659 -9.4477642005
44 469.685210393 -9.7339087497
45 481.273481389 -10.1584091774
46 461.155413611 -9.52440571114
47 461.830628112 -9.84692476937
48 470.052008217 -9.91324954157
49 433.580596741 -8.91666082816
50 431.048201911 -9.22684253051
51 495.161619928 -10.606052015
52 393.306318501 -8.45699432716
53 410.378305741 -8.77939798745
54 505.552125405 -10.7380828838
55 502.158096531 -10.5603679692
56 538.52136417 -11.1274365763
57 455.526980333 -9.96583105612
58 471.595864364 -10.0000161796
59 511.208342383 -10.2240144485
60 512.924596361 -10.6133712007
61 459.174486683 -9.65731606088
62 445.345379903 -9.34424386845
63 436.713382658 -9.29636251575
