0 383.3954796095014 -8.956863698816354
1 411.6216971144046 -9.907421415221012
2 453.3571292254124 -9.902302196169554
3 440.5588948799762 -9.870865256117133
4 427.6114014281064 -9.449910850131808
5 410.84716226870864 -9.052655442157672
6 377.04060245944913 -8.453733379994903
7 400.18337808172123 -9.240205750056694
8 428.8737150549409 -9.632392293825513
9 459.0873729503356 -10.641940874575038
10 426.27895513344873 -9.698617158397882
11 411.39525277398457 -8.97640588807816
12 441.6847580055953 -10.049112450306417
13 385.0427788898349 -8.963047719816702
14 391.1878280455596 -8.949474361746386
15 455.6226474899253 -10.133384788036565
16 404.50019136233743 -9.103984332128551
17 491.8740862743282 -10.78047534995816
18 411.01966076662677 -9.30025941793846
19 393.63124824819704 -9.060247451959649
20 389.83125589133203 -8.888087923426543
21 401.93833981753994 -9.109693397417574
22 387.8333347111415 -8.629336477985728
23 475.3636304218789 -10.68593424414213
24 434.4891919052456 -9.619167450461626
25 407.79047164183896 -9.391856603725756
26 474.34071710666336 -10.517005559805284
27 411.38181164461326 -9.228200354312861
28 388.4236852236336 -8.7509268849586
29 419.1358412843709 -9.695809190562747
30 390.3495361775388 -8.916048820894035
31 378.86849985520223 -8.763434082123606
32 426.4351841993436 -9.352416705419957
33 419.68567746376647 -9.478022339
34 445.3755357940682 -9.70955510181542
35 406.7971720004385 -9.32683482874717
36 385.8396251514885 -8.562841754883554
37 396.66650410345744 -8.912130408490977
38 425.67009968775574 -9.473048237351192
39 355.21310845446556 -8.228767181800528
40 424.1116742180026 -9.580056144330609
41 430.67522717391034 -9.842975744852657
42 433.2584835088362 -9.580578506140084
43 451.7905354902952 -10.186319517116083
44 479.37040180400663 -10.470964025434682
45 375.1847865097534 -8.683276148388078
46 419.15453393225727 -9.57143972641249
47 415.55196337552286 -9.283208509276466
48 451.6630264878038 -10.323148021385986
49 382.3809749437675 -8.668129823872865
50 None None
51 385.0204921871185 -9.021190508927331
52 430.32215190265975 -9.444732268447485
53 413.6042200815895 -9.02288200258432
54 399.9366738898502 -8.77142825635669
55 410.548788451794 -9.16573784763979
56 374.4238347919356 -8.202781464702555
57 405.5214323820106 -8.892834775465824
58 452.1979636539092 -10.245230723401702
59 421.7748923909832 -9.543791936032939
60 398.1336213244702 -9.02314368166522
61 457.62841217149 -10.072371232599112
62 378.5760078519881 -8.263968943384956
63 424.2523552465258 -9.202266570944392
