0 439.54311062365827 -10.388213410052671
1 483.34182216426774 -12.153494888918988
2 439.8268174169092 -10.871832912326314
3 533.006205299721 -11.853738361315962
4 526.6843863716742 -12.522184042053963
5 446.8397754458659 -10.458434932113194
6 460.6854393030485 -11.187788013450957
7 423.3356567846573 -9.46872928304458
8 438.6153245102722 -10.635721454731305
9 393.58048364287083 -9.030179901159658
10 540.7550746671144 -11.393313644792709
11 479.9389071916922 -11.910340734308528
12 544.8184185731482 -13.137056207787543
13 493.9040536796898 -10.458826752884187
14 472.7034129628135 -10.707183639050703
15 455.49839857077797 -10.530028662031695
16 483.1200714312352 -11.243073446390989
17 404.27963243794153 -9.434691614376323
18 527.4551996839904 -11.48311124371011
19 599.9610623179553 -11.571730935381678
20 499.7821165647073 -11.283919044720788
21 457.56572852347523 -11.070851158564842
22 482.5844922882244 -11.67467210441801
23 504.4223622546517 -11.569132926569024
24 450.0808129426178 -10.846446982939698
25 479.13922942307744 -11.123075724682408
26 426.7183556954222 -10.106864236465771
27 593.4399546364064 -13.228233443120681
28 458.97784268709916 -10.466797731339817
29 0 0
30 477.90571125776063 -10.520439922506572
31 456.9215101368215 -10.466441958739354
32 520.4831409189133 -10.92719431491091
33 593.0699487686659 -12.651276586103048
34 515.0548659396367 -10.999039993883697
35 424.39588261521936 -10.256514399551218
36 586.4534514917528 -11.425676995329844
37 510.5332324122414 -12.194945700939984
38 523.5728654748766 -11.188466182701227
39 521.6339152073639 -11.272208427736532
40 457.5756771081775 -10.832461424095577
41 0 0
42 518.3996444664259 -11.903998495217214
43 500.60482111833903 -11.054906641935563
44 602.4921477088751 -12.092163771566728
45 517.6530494416378 -11.75522102821038
46 544.4340366168105 -12.093607772568662
47 553.4183276346761 -12.322194920750286
48 577.9721210967939 -12.852981996353634
49 504.0633810054532 -11.578973722626593
50 0 0
51 506.24969803518024 -11.835353029482395
52 603.8907584828117 -12.046921450901939
53 519.9082498240591 -11.537339821485322
54 507.73806287047216 -11.305863024953089
55 462.1460897415553 -10.68979080520531
56 459.94718532966107 -10.805357493597114
57 442.34375347535735 -10.43140220610275
58 443.0280845706344 -10.27825914132885
59 502.70868024461885 -10.999364101548629
60 436.7974675067472 -10.575681949997978
61 544.3646018653178 -11.362079798968814
62 536.7568926492784 -11.780419834709097
63 449.0074874037013 -10.683805190488963
