0 442.63830251806905 -9.529424985281645
1 409.65861897380796 -10.054095849064161
2 419.30147805017236 -9.366281344493666
3 484.95780112587914 -10.675699094430295
4 570.2013477694908 -12.200316222261765
5 523.2515298908414 -11.04739407615476
6 444.78335117871353 -9.488119670228743
7 484.10009291826054 -10.728889719526626
8 487.3648762650342 -10.288714739210773
9 530.423983836463 -11.547590857120936
10 437.7049840920085 -9.488129393209212
11 497.62583167821435 -10.6400782465028
12 434.54383870034457 -9.831494962050247
13 456.7714137039352 -10.271378353243874
14 495.39666974263525 -10.910472600092492
15 497.0383260348635 -10.648799158775114
16 420.0603429581581 -9.227409233880545
17 461.02975908425174 -9.954327272679341
18 498.9532721900231 -10.785532514441144
19 455.24497828573595 -10.022210696986646
20 424.44325348541327 -9.552848755598646
21 438.8439012972402 -9.682040690248686
22 489.7421489063443 -10.239660926880978
23 433.40140480066697 -9.57751679542161
24 461.590967249093 -9.98463995073833
25 515.6645889211317 -11.338888789377352
26 510.6181941658469 -10.853939662939732
27 464.06917060895535 -10.195721911544561
28 423.06767530088774 -9.119895573632588
29 411.0559704501349 -9.180072799925727
30 509.6217145700586 -11.019115534834686
31 512.911117987497 -11.106508488049494
32 497.4095656857196 -10.598502176604974
33 569.0281322124237 -12.079259868621905
34 451.8620574546067 -9.781514248463166
35 448.54130708574417 -9.702769212174713
36 463.5997077096638 -10.092413538390765
37 497.2189760357063 -11.054424285044426
38 413.7307603573981 -8.846057564702045
39 502.9537010762042 -10.8926357470439
40 495.17973870170385 -10.648921613316256
41 408.29406102999224 -8.893719696679387
42 443.7340688913608 -9.446236517540424
43 507.8648962276769 -10.232157977564054
44 454.93383226780327 -9.665159041379944
45 458.00732724569616 -10.128406847439575
46 409.3755843891021 -8.712592848293733
47 519.585471222544 -11.275600885522566
48 477.8734131127221 -10.30620788045985
49 507.6111933082212 -11.0635056535355
50 478.55196814526596 -10.345812037913829
51 460.8736515866445 -10.17138776402215
52 501.1598454122926 -10.600888478798066
53 539.8556081498308 -11.529621110094386
54 441.6362554483667 -9.534373737216974
55 481.8580103662209 -10.357212102752115
56 471.4555109872234 -10.032271645365826
57 484.4232638130225 -10.366789261950004
58 501.3237641988444 -10.680004734591686
59 427.7368902551156 -9.551079523750523
60 546.7893854022225 -11.47787627379219
61 417.90968798783763 -8.815790342212763
62 563.962106141309 -12.09194019304621
63 428.2530644505551 -8.995597201181969
