0 554.494653424 -11.0190921864
1 446.669744429 -10.6606574419
2 457.072530752 -9.65433161605
3 521.675797571 -10.5170098179
4 485.530744582 -10.3933078529
5 550.834567905 -11.2410636144
6 482.980773727 -10.0923558915
7 530.551403775 -11.7344695674
8 459.102790012 -9.18408336989
9 471.777560761 -10.2049684587
10 458.87154201 -9.39687872242
11 550.863607691 -11.6578730822
12 510.041693792 -10.8435518993
13 511.406938636 -10.6678214014
14 482.123528889 -10.0320109765
15 458.202473245 -9.76626801085
16 427.173569209 -8.82491487382
17 536.607323023 -11.5257902146
18 486.492584143 -10.176172169
19 464.684562666 -10.2288532731
20 481.057053804 -9.8731649306
21 481.258638671 -10.1413578613
22 517.562154413 -10.8842285341
23 524.954951897 -11.2326307277
24 532.431242232 -10.6569858829
25 434.89822921 -9.09834803229
26 507.319339422 -9.97839454192
27 561.123184682 -11.4448476176
28 484.801178883 -10.1686946395
29 539.225346998 -11.3046830548
30 518.279964415 -10.063616801
31 497.613794541 -10.262629885
32 448.736918409 -9.23434507546
33 503.018958399 -10.9913052781
34 501.190139267 -9.88414888916
35 545.062551739 -11.8898019734
36 538.917189801 -11.5063260214
37 433.979171933 -9.60852856651
38 438.190561788 -9.1612659173
39 432.76173218 -9.23893681933
40 492.135794433 -9.82682871639
41 483.617089079 -10.1332678872
42 470.216201263 -9.88968280325
43 558.650742706 -11.2288202697
44 480.627468039 -9.84080878304
45 427.714157713 -9.16288855438
46 486.973744954 -10.2768782583
47 476.107098033 -10.0811691553
48 553.055145617 -11.2857992167
49 464.953917044 -10.1120730011
50 437.584432268 -9.26027459544
51 494.146775709 -10.7274752384
52 560.932158959 -11.3285441393
53 480.221008732 -9.76124222752
54 478.702750213 -9.85894986032
55 475.99843438 -9.65545278332
56 505.429678034 -10.5755089988
57 433.064120859 -8.86745090676
58 467.350581073 -9.95575885647
59 446.89866587 -9.37244472833
60 441.721801874 -9.31099972648
61 448.296627317 -9.09846727942
62 467.019353693 -9.43520958662
63 469.318458362 -9.43833669093
