0 638.4239573018231 -13.236153421535196
1 569.4323616809004 -13.322631679403893
2 553.1064885500672 -12.033149216223622
3 537.3329207511885 -11.983810981349844
4 574.3620679512926 -12.284308578803056
5 645.2310204233148 -13.975332315057772
6 500.57927030174335 -10.557967289181766
7 568.2514927028367 -12.552693980994865
8 518.4058939046975 -11.02272947249794
9 584.808767087306 -12.632016605623695
10 535.282006046742 -11.414193797573322
11 518.8990762427845 -11.276401367294683
12 497.1745202567648 -11.404274168461999
13 555.5751199393032 -12.238512215887642
14 509.1658313161813 -11.336225072973148
15 531.1744189331197 -11.442878273411727
16 558.3100420307812 -11.44414482152916
17 464.24906826955595 -9.874832920036456
18 616.4711282032164 -12.890853294210382
19 533.5784252013476 -11.31137324696052
20 527.7469826366646 -11.336611979343854
21 499.89359868258686 -10.81276476613043
22 526.8884573504802 -11.002990234496016
23 585.7867255370763 -12.914119727062166
24 482.4756861261665 -10.437332622003625
25 492.4686920479011 -10.633651456661777
26 597.5154379132767 -11.97634607710184
27 574.2371333464157 -12.539688593191675
28 538.9427556505194 -11.439347850399194
29 527.0591976921587 -11.23458967160536
30 529.2019161177823 -11.348508504036882
31 491.31152951406506 -10.615445527855487
32 538.6407026566429 -11.731530746585932
33 532.7638075633662 -11.46817854311873
34 503.2688008679404 -10.86663768679617
35 505.638230525813 -10.883568204441737
36 581.8694088842508 -12.100318880345473
37 576.8433392978823 -12.722771432940588
38 483.8411115547315 -10.415516799425513
39 521.5859537145627 -11.14800565664264
40 523.8238900074177 -10.940039888995274
41 474.1991760113923 -9.960863006075128
42 540.5527758022989 -11.425110119718912
43 541.4617886214614 -11.46992420180711
44 548.8135189338974 -11.734110756163648
45 444.21583920528946 -9.575891544515489
46 646.7628115027479 -13.677446791281413
47 492.3762404400668 -10.66531489543349
48 663.9708086682421 -13.997318935622
49 468.8105644461345 -10.383275202961602
50 515.3739317300164 -10.880920955581011
51 544.0696788934821 -11.833594311989094
52 616.8413692133357 -13.155058752524926
53 482.5711431570128 -10.555928257029295
54 563.7467861651024 -12.317077656396265
55 523.980991950123 -11.028522414191723
56 473.7639854244176 -10.10513338919961
57 512.4853804788289 -10.874823392012818
58 464.23267888648206 -9.990125357210005
59 503.53299909445997 -10.972078632417285
60 529.4744125078433 -11.069825457179453
61 570.5490625224305 -11.950390757437804
62 558.9256390476492 -12.074516157911422
63 526.0171439461582 -11.01923396845972
