0 410.01397899195797 -9.901167611882281
1 418.9547525744661 -10.940220014493093
2 362.13923369090725 -8.888455868500023
3 443.5001787549673 -10.676228877973115
4 404.7865262094137 -9.2236823016679
5 458.85120161690077 -10.856558221238902
6 440.61015186068806 -10.497125458424014
7 452.540337688421 -10.911761896395822
8 408.38446706696004 -9.711268586769362
9 440.80150217284177 -10.554074673758524
10 403.9509259737816 -9.665538469300133
11 434.89374745255793 -10.130869857141487
12 458.03537361456847 -11.186734501851424
13 435.9656370358159 -10.519762344531586
14 381.32604462279465 -8.922876243446234
15 369.36609701005244 -8.86542061814965
16 434.98974305644174 -10.432134105033192
17 495.3497923610905 -11.792819148087478
18 405.2973746809976 -9.6919536014857
19 433.1464457546666 -9.962566417753774
20 435.61994780139617 -10.648352558845513
21 511.62022997408906 -12.107340596132937
22 394.82581279009247 -9.363998571043739
23 401.42249400508797 -9.70367263587493
24 506.37367643834625 -11.786798826336446
25 361.7591392854784 -8.703829503999463
26 439.53821748477145 -9.916337775755233
27 410.97480894147446 -9.670585680341723
28 444.9002009280196 -10.603332106226553
29 397.54279469784234 -9.402850957989257
30 378.70063879085865 -8.953150945252439
31 400.73734356650164 -9.500572729662716
32 454.95936150641285 -10.310773185443885
33 414.4838206472866 -9.869869769096228
34 405.8201708809579 -9.604159920653858
35 413.9117777152892 -9.78802498332655
36 381.3717522055799 -8.9741633993502
37 371.8380693392425 -9.19371825746962
38 385.33403541588706 -8.912376905291307
39 394.66885306919784 -9.326200137763909
40 470.7071969240203 -10.573535502384827
41 365.9955014324277 -8.45930688781797
42 400.39552448658475 -9.433373351418284
43 409.6637721925217 -9.968130639530077
44 365.2390592936197 -8.705366584194094
45 369.9303718798391 -8.689577524256404
46 472.629656819899 -10.626866445878273
47 488.3036796379144 -11.392488187483982
48 475.05023620157516 -10.981582652590825
49 431.01768803072525 -10.346788134649902
50 427.7723151146187 -9.968674553842902
51 457.5206788431436 -10.670150184906168
52 444.1077897974257 -10.343636782411437
53 424.7368352265563 -10.020860375545894
54 393.91915125046455 -9.180479409322913
55 443.04204720504544 -10.506565201159932
56 426.53873214767304 -10.141642416398422
57 462.59823546942664 -10.882653432381481
58 408.8021959377551 -9.27284058727531
59 432.88292406959494 -10.407828190094092
60 423.03130626673925 -9.981420590458361
61 414.6053079993802 -9.811501468697152
62 493.21507442228 -11.511750067025435
63 418.8790687246863 -9.616487026118486
