0 555.1593461420819 -11.504000962761147
1 511.2155663274297 -12.280825898589434
2 532.7157703796069 -11.242238514782944
3 518.6782734529153 -10.501443593141063
4 581.5611987243328 -12.300591753658653
5 513.098667875044 -11.402283329611699
6 547.8225035809012 -11.511378587815415
7 510.47839254094185 -10.561212833150769
8 517.2938228340661 -11.378897398420373
9 481.1213377118734 -10.060973792227697
10 565.51093602428 -11.583165550535593
11 542.9135200566801 -11.13663449495694
12 505.82753056107043 -11.129383575941239
13 504.47973820484447 -10.851611386848493
14 522.1427126800031 -11.046240751662742
15 542.6952019681981 -11.75228784329046
16 528.8902486405478 -10.923153724419704
17 478.0392250919666 -9.997994373257832
18 539.0499590093018 -11.07526006117863
19 494.5132622423892 -9.969801528140271
20 519.4678523204411 -11.332967308410904
21 508.96263812663045 -11.390048233509306
22 523.4373082806813 -11.302622475137596
23 683.572520062665 -13.937198054329366
24 515.6945895794577 -10.56493420627822
25 446.3958303567342 -10.066349381276606
26 542.2707184301612 -10.812499690349473
27 601.7120015811652 -12.137389672943304
28 539.8430191432138 -11.054066134737646
29 567.7745490798637 -12.019359095373655
30 579.199632498664 -12.263200713894367
31 516.1095945266214 -11.091269797904586
32 607.8588529094235 -12.524425733903787
33 486.49240195119216 -10.517306191494354
34 586.4953893648784 -12.076582457574716
35 487.811266037299 -10.873053780247728
36 460.8828335479808 -10.033090763372536
37 564.3017258994753 -12.057654631064587
38 632.1617089940848 -13.344726139443207
39 484.29638664875455 -10.590215625627675
40 611.7259181851248 -12.888364326434042
41 573.9775562551583 -11.8628864682507
42 538.5014088474423 -11.177023543050227
43 574.39199508941 -11.849230964825875
44 717.4587241590244 -14.736856089186636
45 535.5982837182364 -11.33415949353548
46 546.93852761255 -11.392703532329147
47 743.8044117927068 -14.822070711245196
48 556.0908902489366 -12.131080620883694
49 620.4565953999665 -13.204099602986787
50 628.6536197378032 -13.353714794581702
51 505.4417678099951 -10.294413892189546
52 624.6868076706843 -12.522439632028593
53 548.1238107800214 -11.368138234506894
54 507.1177471794503 -10.714384507244139
55 565.654409588222 -11.456245792109744
56 542.6399725763358 -11.527547959724473
57 625.6152767432203 -13.046595280139428
58 555.7677706891429 -11.727541313791527
59 608.2018725553269 -12.46478169156275
60 558.4104632306494 -11.963038499226826
61 542.2400202444527 -11.60236638794004
62 573.7717850337283 -11.471144714938747
63 512.2141369305727 -10.854707563262515
