0 401.584930295 -9.41901388618
1 399.952793808 -10.1867074702
2 422.56109408 -9.69880877797
3 421.054387402 -9.98168850006
4 365.844232194 -8.616733136
5 443.171271983 -10.4594637025
6 397.166182869 -9.29124467253
7 415.571864352 -9.9562930131
8 411.195364296 -9.6656354772
9 433.360512204 -10.1935315937
10 438.783732961 -10.0351540151
11 366.231261916 -8.79026381088
12 377.020783644 -9.16478942556
13 466.126838445 -10.8439903042
14 418.957691131 -9.72947640801
15 379.827364715 -8.74639426347
16 425.823148201 -9.86420543176
17 408.147556246 -9.70423948447
18 396.09737002 -9.062293479
19 401.784407412 -9.38412109846
20 394.123130407 -9.52119921105
21 348.861842904 -8.0952051768
22 429.155189266 -9.94560308852
23 389.0503711 -9.02360873061
24 444.678415301 -10.2667261237
25 461.851881552 -10.7638179016
26 439.530261429 -9.83917880945
27 406.009508886 -9.62261633902
28 434.531925695 -10.1715412672
29 407.985415184 -9.68837022561
30 474.467319502 -10.8521559338
31 422.303705563 -9.87781185488
32 433.856446949 -10.1583868985
33 433.385666134 -10.2612315371
34 401.295136077 -9.26359870204
35 463.695482511 -10.9611785444
36 473.70607116 -10.7791966645
37 453.997663397 -10.3394746783
38 428.758630936 -9.66428218179
39 405.183659756 -9.47209724367
40 421.976495181 -9.71846112879
41 360.843657203 -8.42026721908
42 444.998096642 -10.5097110898
43 405.039144767 -9.49469068848
44 412.49193427 -9.46862022699
45 414.366220065 -9.61250308972
46 372.009275735 -8.4302187266
47 404.795374602 -9.09287343372
48 419.846649035 -9.76151353139
49 435.625993929 -10.3353010648
50 351.539689073 -8.10822631957
51 416.483353677 -9.7883858741
52 463.454861015 -10.7691576867
53 429.564167324 -10.0260462672
54 491.901306714 -11.4043958196
55 373.18175683 -8.57946173661
56 433.690822117 -9.9028153673
57 456.032277213 -10.6351431368
58 399.041930397 -9.29484216084
59 398.339581709 -9.24899583623
60 439.510962298 -10.0704363056
61 349.72687583 -8.22979912255
62 450.14272008 -10.225522252
63 384.823328928 -8.70969840081
