0 402.4196944999564 -9.31379469975892
1 396.79603672425395 -9.900021947995782
2 575.155406288341 -12.386092237777497
3 565.9205039164664 -13.217655384273177
4 426.7801015173967 -9.181494957721867
5 468.22393489283445 -10.327093490400529
6 545.7363508097856 -10.587754701613127
7 439.98879778587843 -9.906862788418698
8 482.0590550565711 -10.785275989028312
9 566.8242191238344 -10.074864106667347
10 476.6694785853765 -10.14382309039732
11 535.3141891897511 -11.563464926472317
12 672.5170523714119 -11.927890841992506
13 516.685272107861 -12.256562099934131
14 470.36227849757677 -9.997163269789066
15 405.9968145232828 -9.229518649627394
16 456.7275026566526 -10.053520495761568
17 435.1843333594449 -9.83278883233349
18 522.1259059550113 -11.391357312737545
19 490.35206119808055 -10.853605836605473
20 484.4119605931609 -11.519894352141023
21 453.99613107267385 -10.341051130800448
22 534.3703930720867 -11.300797595847747
23 529.1143990797559 -10.400165173318273
24 482.98807955220826 -10.893749655332742
25 443.1758839126982 -10.014588553067588
26 467.5626990624384 -9.799299432269342
27 485.873295988512 -11.007966780710756
28 None None
29 599.1144017266497 -12.767439380766234
30 376.1055068513203 -8.519368535186343
31 486.6816917044489 -10.330673832091671
32 496.7812538824962 -10.528060349627589
33 458.2076197937599 -9.828032769254378
34 470.98116905458596 -10.398558239725446
35 478.5573135742732 -10.892661660090965
36 499.1662838662856 -10.864329096589382
37 631.919592216077 -13.023569594904126
38 542.0713989867435 -10.797978326611995
39 491.9098172631165 -9.873202651204773
40 428.32314647683387 -9.32779540757184
41 408.96970061907507 -8.818962669930022
42 498.54870309943743 -10.829039428448043
43 536.3041850030068 -11.354180334863077
44 469.3579642742782 -9.926579660478808
45 466.542843779168 -9.625109715340677
46 511.0731247758724 -10.998322489917923
47 None None
48 509.29266225133966 -11.167719958605964
49 461.8321760711671 -10.624491401089577
50 494.8477024953394 -10.627905605653467
51 489.84373113967695 -11.19948309867048
52 497.56479416109414 -10.844228814002156
53 493.29364377631623 -11.210749408445846
54 439.71892578155206 -9.042669763180195
55 633.0148077391252 -11.621799466010737
56 497.33617655268637 -10.98773006674301
57 478.68308956587794 -10.376665372701188
58 523.2380873837012 -10.497622973490003
59 429.24856737107575 -9.657471291981889
60 None None
61 533.0096156132124 -11.794419667759135
62 514.1313247121232 -10.782846705681532
63 0 0
