0 521.3256755487507 -13.401004278454394
1 481.5380949562344 -13.171256013547596
2 507.4114921579891 -12.469551213314263
3 538.369057839938 -13.530017124476473
4 542.5171959152013 -13.727163572119121
5 487.9291976564042 -12.450109636630518
6 491.43186123143323 -12.636505027889612
7 526.9604115233043 -13.086333905964986
8 479.92324774958826 -12.226507739282782
9 499.49606713668004 -12.483867598273708
10 None None
11 476.9163711437827 -11.981111257898904
12 508.9354096280467 -13.323545544752932
13 464.45936134068256 -11.896816559397047
14 537.4404287550595 -13.696035203223268
15 487.4106317376457 -12.328059817062876
16 442.1718106965414 -11.439216046809445
17 486.86047863508617 -12.363124939081144
18 422.0991819879943 -10.720257689164008
19 526.3939768567836 -13.278232913330928
20 440.1055725276222 -11.73596664068237
21 559.6594808041655 -14.301211054331926
22 492.6374590527658 -12.319104562762666
23 490.6357030833031 -12.459070339492612
24 514.8374881758393 -12.868357829720512
25 454.81276884183956 -11.456942429095095
26 439.0721660593595 -10.921217167453152
27 464.976983696257 -11.624835614602304
28 574.868463154142 -14.367227515318545
29 563.3517869763031 -14.116084656661041
30 544.3974132610799 -13.482857763234065
31 476.6940465277528 -12.09698350543409
32 525.5333484895399 -13.364035312957759
33 469.8815978694822 -11.97713499570779
34 499.6281686809171 -12.544653415979672
35 527.5857933098437 -13.050932764128838
36 552.8786913242209 -13.306525383593646
37 472.55267705081343 -12.216477041532304
38 480.616183388746 -12.097164426373173
39 528.344043714625 -13.185037113619709
40 489.30849869618737 -12.28287197373355
41 489.28704583292085 -12.301291923396931
42 610.3087035490105 -15.078757805387065
43 497.6996821217951 -12.696063367676834
44 440.6252496287645 -11.067254406341446
45 446.22649288615173 -11.36120976962223
46 541.1328772647597 -13.251624692028287
47 482.5721455712195 -12.127707516117235
48 571.998244179045 -13.95666322295674
49 567.3883767231179 -14.10854856242687
50 501.46250663366243 -12.58931937550686
51 487.87547511428573 -12.314967734074564
52 513.7826533763887 -13.286641915676357
53 481.7418312217699 -12.120484212503738
54 514.3270154336872 -12.779950117346457
55 497.1260530922758 -12.884703352304502
56 563.9288088619783 -14.330501191034282
57 502.4594119330716 -12.759245022368365
58 555.427080208458 -13.78904269864947
59 434.50918550258496 -10.95889673776262
60 472.23122811566617 -11.884405448507755
61 543.8467886967804 -13.426901043553706
62 488.4988842899585 -12.133161764555435
63 453.5952961295501 -11.176101887608358
