0 483.0563047987486 -11.05660726060818
1 547.6284683012952 -14.189083556721382
2 493.0538131963845 -11.437784065456539
3 561.5791704760272 -13.035089715555564
4 549.5620837960753 -12.39789796029089
5 588.0957470767771 -13.709841482544139
6 561.6496559806652 -13.119543490354271
7 602.6592905662934 -14.008345067802404
8 555.5443054696201 -12.726679547088299
9 521.4960929953791 -12.361054137983023
10 566.7012535460461 -12.952542993042346
11 513.275207777833 -12.164466895235817
12 534.3867412465585 -13.01112489588154
13 657.1505627160557 -15.660435126524629
14 515.4010053853361 -12.088910907747907
15 550.2646150910351 -12.431120411679668
16 613.8582025522917 -14.050581667646531
17 598.324131620548 -13.427247653805624
18 534.1759085583618 -12.393279016401284
19 576.8145249541767 -13.74936433806201
20 558.2840945348795 -13.197859280666322
21 543.8053955777561 -12.668235740768091
22 554.2701920094438 -12.64889321709963
23 557.7075571263335 -12.955533263878381
24 539.3604336243804 -12.929959847323609
25 523.0460721366705 -12.255375432860566
26 614.9564144512276 -14.45005405631357
27 561.064503317066 -12.924673013548826
28 523.0922482388039 -12.117546350845016
29 493.12680271070764 -11.328253119649053
30 567.5983535424843 -13.250959585682063
31 645.1124242557477 -14.894255251383465
32 628.4087248203363 -14.188205268593013
33 677.662632707443 -15.835497171979569
34 599.9844237487375 -13.979307320670372
35 587.299656389556 -13.58705512845324
36 570.5775332340494 -12.998209861819046
37 598.8607782831713 -14.340357509444656
38 602.5393353585857 -14.089505469992671
39 574.7582189442569 -13.277368977980682
40 563.9181500919302 -13.174046210563388
41 594.7921737924396 -13.868774609809977
42 527.4363610274601 -12.336287525196663
43 607.2265231085943 -13.600987595409311
44 623.9766161717276 -14.1871008971958
45 651.2438572079853 -15.631083607155148
46 543.4450504205062 -12.52974614385723
47 601.7848001423893 -14.188062464455236
48 593.8324175275073 -13.838120223127019
49 606.9528832278918 -14.445760081548494
50 593.4099348659854 -13.76774753793205
51 540.1373624416208 -12.770587719385691
52 534.5647882629299 -12.442853897505323
53 504.7529994118252 -11.693561328951613
54 529.5891383012302 -12.20117460887405
55 548.1728950702246 -12.985557976213043
56 602.0808868676876 -13.873405431555382
57 574.9569838823908 -13.422379170165064
58 513.2946720353608 -11.913670448515832
59 503.6229022965326 -11.981701566759886
60 472.0512547460492 -11.015959056033086
61 543.0583424323821 -12.485705316567643
62 551.3947456952774 -12.758995971802213
63 655.7627043343023 -14.815668010055544
