0 487.9002423107378 -10.37436441630583
1 484.6654759779373 -11.683297311756466
2 479.3306449351017 -10.308449529975672
3 433.57135335620166 -9.921959598970636
4 479.3977750867176 -10.50856498435271
5 462.06718562237137 -10.17762523553424
6 454.59785320634364 -10.069609812710597
7 441.02457001462335 -9.813246815861689
8 399.73272634182354 -8.913612157161802
9 508.6864406753489 -11.272490684590363
10 492.1081575114514 -10.832229529000578
11 474.2151123231337 -10.595616711442593
12 496.4710940850446 -10.889497810377003
13 465.01146821228025 -10.272878043761738
14 426.1464718616534 -9.690179659865167
15 551.0047589175512 -12.07577415322653
16 499.89284401611957 -10.904513870418837
17 452.7252736031225 -9.858066833866701
18 417.9685304925125 -9.591827795740947
19 474.4974056121475 -10.442212772026053
20 None None
21 506.8266139500185 -11.477974979048117
22 502.5512199526177 -11.276464749903631
23 549.8985024910445 -11.663927110937202
24 485.7184454170628 -10.433942237298595
25 505.9513874805189 -11.05377975624385
26 642.6884314288543 -13.37235304185899
27 500.1333420894597 -11.056425464611841
28 519.1029417972896 -10.889165727511113
29 487.6624518477404 -10.95685631466951
30 505.07079634179775 -11.064621185619638
31 430.47584098790776 -9.555434670778677
32 480.85322273244446 -10.892043639862328
33 466.2447403705468 -10.526158077447617
34 497.3529176192766 -10.687434401281678
35 486.1694034646442 -10.641751832952137
36 490.04041640205503 -10.699476461256495
37 438.58494009668544 -9.518134982785972
38 452.32894797885933 -10.078407708622485
39 550.1121322694486 -12.327531073795814
40 576.9531505206662 -12.111299529502237
41 489.16023045117595 -10.749393609891937
42 411.28288819769335 -9.11037296695688
43 540.7519833319462 -11.89420181507429
44 488.6348552142323 -10.39569616271587
45 500.3648749552257 -10.927487033205189
46 468.0785559101145 -10.17168001687639
47 451.5288233299896 -10.123907791564994
48 440.885205175406 -9.394576723439904
49 487.25260282852287 -10.321590075286904
50 507.71781241677746 -10.862199443228977
51 467.87655846259764 -10.563973768622699
52 471.3123954768612 -10.806395467144938
53 486.8518472106557 -10.931260664169763
54 487.28024262831934 -10.325396164957935
55 446.8175769147286 -10.11045140323428
56 500.6111445411692 -11.097943970479339
57 521.3350181048797 -10.914855215950693
58 461.9894031205742 -10.04962333476433
59 521.7685700879358 -11.09458622967445
60 482.8189123874406 -10.493752401366137
61 482.65115654805425 -10.88911842837663
62 500.9034834516749 -10.920865417904029
63 449.20504158008566 -9.543160590919097
