0 583.25910122 -13.2495833389
1 604.11374339 -15.5042544278
2 632.931978933 -14.3271734381
3 622.222698261 -14.4033917832
4 535.257663921 -12.1925383488
5 674.734991485 -15.252279705
6 564.193383683 -12.9333620465
7 604.67022512 -13.7493678542
8 660.629972833 -14.9549462158
9 628.847694458 -14.1827201361
10 640.367049288 -14.6082912403
11 535.529434567 -12.0481182153
12 557.257494051 -13.2189716919
13 588.679392129 -13.3153524653
14 610.243476904 -13.6674986713
15 619.79993775 -14.0897151769
16 507.561410358 -11.45218247
17 555.69157469 -13.0027947295
18 657.113376805 -14.372032458
19 614.5064724 -13.8174312688
20 678.709329297 -15.3082993153
21 620.548127315 -14.1800789866
22 675.397698175 -15.1843329349
23 579.885128733 -13.2838730554
24 629.54512021 -14.3039798091
25 554.960798889 -12.4651205302
26 592.196616135 -13.0092600355
27 581.507567577 -13.2083628032
28 562.160529261 -12.7514374093
29 541.156651027 -12.4839088027
30 624.906810383 -13.9228578588
31 567.490516108 -12.8514220732
32 575.498078598 -12.9593940943
33 610.559367923 -13.7925010454
34 718.68624785 -15.6866546298
35 596.347315566 -13.4202916237
36 644.02178553 -14.3823140956
37 622.994959775 -14.3161031392
38 606.338093474 -13.7821148476
39 610.154852778 -13.8020195481
40 574.388011296 -12.9724375374
41 543.016299418 -12.477140496
42 601.649740175 -13.8653543599
43 599.278768224 -13.6981814949
44 554.825673849 -12.6764474205
45 674.14033117 -15.4558617464
46 605.154041009 -13.5575424509
47 557.356375226 -12.7559751739
48 638.325949546 -13.9312257021
49 527.077514197 -12.3193461329
50 627.202530808 -14.3034998647
51 682.285217691 -15.7653655715
52 605.252339533 -13.7841478106
53 677.419129306 -15.4698262385
54 600.833180292 -13.9847911467
55 600.508525109 -13.5991542898
56 599.606894555 -13.3329168782
57 609.163766096 -13.9169178638
58 590.604228221 -13.1816062174
59 596.137664131 -13.2737433272
60 513.290600769 -11.6104410827
61 589.10539067 -13.4872037572
62 612.502758803 -13.8968974675
63 615.536679848 -13.7660165019
