0 487.6078474083905 -10.041213829655401
1 451.1067021009782 -10.501204036132082
2 472.5085607788792 -10.162203397436475
3 528.7230097880305 -11.00069522917398
4 515.3853951669325 -10.785183762586236
5 541.703569342616 -11.83897833636347
6 556.8462870930204 -11.42428912425536
7 482.2768954790092 -10.12235948461824
8 461.83113988312266 -9.925587745444476
9 496.4257407436513 -10.041206382968344
10 570.614604041791 -11.748905752370936
11 510.9316180310092 -10.42839292927273
12 558.2930785982018 -11.89409426354244
13 515.1623322472573 -10.769633316546786
14 509.75551918446064 -10.809069283798719
15 464.4276259366705 -9.737917608542626
16 537.6257204142581 -11.18931255409324
17 505.01727508229 -10.129299257438882
18 474.51928981278536 -9.981456978758123
19 495.1625108140171 -10.423018607968368
20 464.91776899936974 -9.484523126125561
21 461.8398943635378 -9.484740594447981
22 463.515657961359 -9.603229656527962
23 448.51215621427355 -9.730009505454166
24 454.7712509691875 -9.32800536489019
25 442.986914109218 -9.791791041930884
26 445.5149585919814 -8.863159211166575
27 428.8899240856463 -8.938728555957974
28 503.6156544964116 -10.168769952565686
29 539.3986083505713 -11.113798771727522
30 524.1569525345158 -10.660276545803697
31 411.29569054045385 -9.037579203215234
32 573.7596864797977 -11.228141870461087
33 515.7959183816723 -10.719855650775807
34 463.1497441492137 -9.75064434257418
35 513.7373806575297 -11.066528135148948
36 500.17406728337505 -9.867733286498364
37 418.74408961346006 -9.099296215874194
38 481.0493602991883 -9.908184578262988
39 453.0749181845914 -9.464000820593036
40 490.33446833046236 -10.190581362580856
41 518.2869954292331 -10.51831669480388
42 585.7562424735195 -12.161755452507094
43 464.09628969894476 -9.981297523292534
44 555.7559675644618 -11.067660322576394
45 452.9382267148217 -9.441366331640067
46 469.55093668359996 -9.786085096888474
47 542.7419770469651 -11.309320896360576
48 428.44317424735686 -8.929851914332408
49 491.5297581073637 -10.52379508389978
50 542.6244973256103 -11.463494326036816
51 484.20290929634143 -10.339056401931286
52 590.8884698231836 -12.045698184095201
53 607.5265077432019 -12.642991710703976
54 481.00624186869976 -10.257873895316653
55 469.4004276840098 -9.683389896443014
56 525.9290112469545 -10.87281896126545
57 572.8765314313324 -10.455547240123057
58 623.961822712922 -11.5276213829012
59 515.5034553867059 -10.669941910432618
60 451.74961852837475 -9.559124827764176
61 439.94702226806294 -8.91463756871386
62 479.6181027429348 -10.458100555980415
63 515.1784657937325 -10.685460302323849
