0 530.5399619444472 -12.808548439967286
1 568.6331568698326 -14.284018348587013
2 515.2834289404451 -12.635002204258438
3 466.49162091469174 -11.579591022807136
4 554.9088997477365 -12.6851447016789
5 474.2154032715864 -11.580548610117855
6 484.9140599274209 -11.532911002355922
7 591.1043346064092 -13.452117450408032
8 498.907214863887 -11.661974708616112
9 558.6913504393841 -12.301111188628331
10 508.6431148086713 -12.358626073258494
11 552.9314821256968 -12.071143892182617
12 482.9407796726216 -12.126280809567694
13 0 0
14 560.7659087833542 -13.57627551571991
15 562.0430184832285 -14.104010547705848
16 470.67266756133694 -11.198193975441717
17 455.54788133578387 -11.3672249437447
18 533.9839589989193 -12.801584934878017
19 526.0347510766467 -12.825052665461822
20 456.9363940313834 -11.513040128898293
21 582.5458334987939 -13.72869745217864
22 533.9089343444028 -11.18942051700483
23 507.6348554719594 -12.283684804439938
24 487.4795059875157 -11.778500116493426
25 501.89945420353325 -12.562925412861498
26 456.4272460707288 -10.615770247327948
27 618.4267752678494 -14.880084181800166
28 537.2776031424568 -13.271505549894957
29 478.8188593592839 -11.723311338453012
30 537.2930946783996 -12.890379461178636
31 498.3270290787261 -12.105928327320155
32 491.324332080991 -11.271992383770469
33 519.3758549113703 -12.347181890998234
34 694.4851337465399 -12.826764110076635
35 541.0961652407702 -12.465657856375163
36 571.8021451119629 -13.962121441903179
37 499.36723765391764 -12.428658676129674
38 564.3715957324223 -12.374164392256949
39 496.0040334117164 -11.947837494176339
40 456.51325241756507 -11.414364535400983
41 610.5706756407484 -14.52417089253149
42 None None
43 514.0114254774737 -12.505932172346188
44 539.6348144453146 -12.400446365562143
45 487.30288729841635 -11.952452464226521
46 474.9995603981089 -11.099854216965575
47 539.3568661761793 -12.314716181545705
48 521.5800107856787 -11.65700043988985
49 470.4752897203211 -11.314734108682686
50 515.6711339451325 -12.953619043388727
51 468.3333016204683 -10.985058322044946
52 605.8435995285345 -15.146289891662278
53 535.4363873716798 -12.171190488260681
54 518.74748134863 -12.923028910864613
55 551.7411814956903 -13.09033726004397
56 517.5280944274077 -11.439424179396221
57 843.2886061493923 -12.716357806153233
58 500.31802770856586 -10.655441664855017
59 532.7308293447331 -12.915550302272786
60 457.1656098705121 -10.258890786388069
61 594.3871014733124 -13.0030101233635
62 545.7275803827202 -13.096310106967984
63 535.5616374136583 -12.679944424453623
