0 613.5896834106035 -12.93675868601429
1 578.8443607869413 -13.410043104443371
2 470.8068653092325 -10.283854128386231
3 565.3811197369084 -11.984052977672544
4 496.8023235668847 -10.819516433388719
5 548.5584072988108 -11.688252723632935
6 591.281589798802 -12.960778835940946
7 569.5900214281644 -12.319589028190613
8 595.6151591100639 -12.92096152906966
9 527.6559951007889 -11.956712682676805
10 566.7456150770695 -12.336208406863244
11 603.9809929356096 -12.813966425602898
12 585.455319229895 -13.190439975643924
13 467.2334187545099 -10.244831231404635
14 510.08758902772144 -10.826138267242579
15 640.5793124191019 -13.708030452571148
16 596.2038041093682 -11.944628166912896
17 609.7199551862342 -13.302196887170648
18 539.7086914965478 -11.482529219354932
19 428.42585915932835 -9.422845507561117
20 577.7538505382282 -13.037780535970876
21 571.9387420701202 -12.415404663258835
22 611.9069019762052 -13.44631320018187
23 589.6042451570795 -12.56376674543507
24 514.4078736751429 -11.290757467573847
25 625.2225203720775 -13.305466875197316
26 638.8268214487164 -13.016548100715616
27 555.2456607520809 -11.96250618571872
28 638.2056681430499 -13.456359631188386
29 487.7940911535251 -10.816542524812458
30 668.5926949326863 -14.018484453509023
31 541.8069994774463 -11.602226768038806
32 517.20651350981 -10.908177216772682
33 557.0985430012745 -11.704334284753267
34 550.6451446440007 -11.815030914643575
35 544.8204368254907 -11.687292668916696
36 583.6511488432802 -12.533314464827985
37 577.5895570805602 -12.649013000597595
38 555.7489222217743 -11.845196566962278
39 544.4420363781134 -11.739662722042963
40 586.0416319525066 -12.42720752374652
41 595.6955938429445 -12.466411956318202
42 612.1755748068229 -13.327501989700483
43 491.3037195054205 -10.613232508488453
44 532.2979324098048 -11.556270385993859
45 640.080980300492 -13.722920119990901
46 557.8274319226775 -11.872052803170412
47 606.4229528718381 -13.098196123146284
48 710.5809792798167 -15.631790107589318
49 571.2955717539724 -12.188980195268208
50 603.1031748941662 -12.940169921674691
51 567.0346473440833 -12.423190188747087
52 593.6953986094246 -12.801351968269715
53 631.0887585438581 -13.754256268420685
54 531.763616772492 -11.450983766884422
55 561.8042577175306 -12.402726285760046
56 546.6435953679343 -11.949353808469857
57 531.3437843406679 -11.46272229587432
58 556.998920067671 -12.110700558784016
59 520.4681444707896 -11.348788495360226
60 573.0480050703783 -12.10916499320514
61 582.0995658980048 -12.332683989468649
62 607.8016525828893 -13.550030361249396
63 624.627945020482 -12.835567709093793
