0 535.5937374200294 -10.470996295195937
1 684.9462372303179 -13.107701729411168
2 568.1380283697464 -10.67494800992247
3 678.5301801001859 -12.452746427332585
4 733.3292832874436 -13.642535796543578
5 545.6688326979486 -11.06296705196261
6 520.2499909515917 -10.876441061767903
7 566.3453466917642 -11.545101355967535
8 477.2613175411002 -10.27062728343471
9 627.1005453202418 -12.7192265419859
10 586.8135597201245 -11.7538478874313
11 582.3845957967677 -11.343622406273855
12 810.1782512786783 -15.071158273458863
13 543.7650726968074 -11.466745464983319
14 652.9844469672606 -12.297280648820177
15 664.6480816062531 -12.153284660863857
16 456.10562348923486 -9.441981326298794
17 611.4183863337864 -12.216254829539954
18 600.3787336484627 -11.328798645271196
19 604.630349251967 -11.70483699803581
20 661.461115462343 -12.805922580681408
21 650.5867942503013 -12.287998701676738
22 563.1762378139622 -11.817081086194017
23 594.8685091749111 -11.57755853712909
24 536.0935978226888 -10.520092778753597
25 641.6124526091158 -12.393423594155962
26 597.6917424144797 -10.747913197997605
27 574.108839299535 -11.089498923719791
28 535.5429298978679 -10.299943820438877
29 787.7182830951871 -12.87202443563487
30 687.5936646686089 -13.128779162317157
31 621.2763793740605 -12.027698844600266
32 600.67157783572 -11.967584744191281
33 555.9366495349566 -10.219596763410424
34 682.8480413213176 -12.280175182277167
35 602.1151343421108 -12.010711121801666
36 590.3806979104711 -11.324276565754872
37 672.7890642283774 -10.942316575686744
38 548.4390723629228 -11.136239612555318
39 704.0759009774648 -11.960051726758147
40 511.29288882363335 -10.293080589464376
41 543.4860337331951 -10.566518854833426
42 605.6927182098926 -10.505180454177905
43 586.1828265934332 -11.086097465085532
44 656.9665698958261 -12.202380398444445
45 501.5850702661896 -10.36200772259585
46 648.7700298162733 -11.973321207173628
47 671.5921456114952 -12.767734195265586
48 592.4515846120809 -11.092118997294664
49 691.5417213548678 -13.838231132185259
50 610.3820086828538 -11.88376391927042
51 515.3468350144683 -10.795549824666098
52 526.9393689500877 -10.140838691304253
53 630.5237663057407 -12.16451757341849
54 571.8783914410965 -10.875994378580726
55 567.4160776119737 -10.824221871149884
56 681.7500029691209 -13.296876407979433
57 596.2505240291838 -11.92629716262152
58 569.5873928682452 -10.74123431807825
59 819.224194337233 -11.369837594755367
60 614.9472394951592 -11.895328338167717
61 626.143247274885 -12.41168795134362
62 525.3646738519011 -10.938439866877186
63 596.6229080852561 -11.594054167164115
