0 496.4377112459074 -10.843165925394853
1 590.1050320635991 -14.89436277781361
2 545.8415817352668 -12.113357634967187
3 580.7757183384875 -13.068971219640991
4 536.613381042074 -14.071562239493284
5 554.6633756765342 -12.467691402581373
6 530.718553469906 -11.500331434574933
7 534.7867343315868 -11.797232713373186
8 559.1104949665072 -12.821502899857762
9 573.7030579245634 -12.957286641585064
10 570.9151280555258 -12.241590938833095
11 565.9035203906725 -11.991597261465445
12 523.2073182522212 -12.118812890131293
13 560.5825122482369 -12.34367234510107
14 674.2553781199254 -14.563659988080893
15 643.8687287402944 -12.939348957292154
16 611.1106153084394 -13.28850330429676
17 505.81525403642377 -11.326240499004317
18 571.8254755062255 -12.518059754815727
19 578.4893694895419 -12.412145202472221
20 624.0789745068147 -13.95307799739955
21 625.325989072155 -14.329209036585409
22 494.3071486339648 -11.382873517909646
23 635.7959573002034 -14.578140082902268
24 631.8751834026633 -12.969998235492382
25 558.0680230697584 -12.27072333175232
26 570.321419333577 -12.776624723343387
27 510.1819947370716 -11.484181238894033
28 651.4121127134557 -14.146253857009642
29 592.882458071422 -12.765485793789491
30 610.9165134921267 -13.542507276796611
31 443.1864807789101 -9.887484461129098
32 534.0064566444796 -11.50040213257975
33 611.9019736671125 -14.084522660509307
34 699.7677280751271 -13.489503205161618
35 592.9580083871692 -13.178122164917308
36 621.7040987511806 -13.23609254025624
37 606.5824785257702 -13.700243983876186
38 549.182263486269 -11.969535718279504
39 522.8122604747123 -12.014656221943904
40 625.0603939309937 -13.779337356402587
41 608.4519742349182 -12.625375298741357
42 582.8093364856161 -13.180050124946085
43 552.5630378894914 -12.533535889995822
44 650.8676910149716 -13.872869171012608
45 559.7518517191276 -12.435781893200073
46 676.858171202134 -14.54434198865466
47 505.70450269289324 -11.495415476979561
48 548.0384474808418 -12.272485179558057
49 540.7575162834454 -12.211584554170267
50 588.761023649947 -12.717317985062875
51 545.4975265934702 -12.489062795113544
52 539.6984545653092 -11.873793335086587
53 648.6872478439199 -14.233734372308474
54 1008.0154361379269 -0.0004802400872165275
55 543.7758576770567 -12.305388469711403
56 560.3396583552504 -12.585788571599954
57 596.0596566255857 -13.41056275359949
58 543.4679104696731 -11.626820330288089
59 572.316770630021 -12.736003357946874
60 594.4725870791601 -13.183187393373519
61 586.2686262864012 -12.949145297253766
62 569.7729615168715 -12.637639246839273
63 534.1067545970855 -11.307005335933468
