0 583.4882536758477 -11.715448710570646
1 560.6034044630687 -13.470169818251064
2 567.0006182794813 -12.332386562179655
3 545.8916836779085 -12.228775048457102
4 525.8339672288332 -11.169214748626656
5 478.37817452536035 -10.944538823640096
6 456.6252296690962 -10.16015702651215
7 554.1658450565819 -11.844098779445316
8 553.3155438278615 -12.33501307278103
9 500.96270017882017 -11.298577354281601
10 599.0475640154309 -12.415418928572205
11 528.4162697646674 -11.78850251475291
12 588.8344374500475 -14.202266869526602
13 474.3057703736058 -11.107048441078362
14 552.2684563158018 -12.206040549110464
15 547.5055326364118 -12.204118548530607
16 572.1986374210271 -12.22179061764413
17 586.7648080253572 -10.997410755951005
18 554.2324721177195 -12.187692905773043
19 574.9573939237703 -12.288742862248448
20 456.782283242415 -10.112999693252394
21 521.9824787346678 -10.119652422477838
22 578.6636017192506 -12.856970111266794
23 460.77680221589407 -10.562960272625462
24 519.9749652391876 -10.495413839126273
25 481.90699752647527 -10.813177583404865
26 519.7539790285866 -11.584435298881768
27 594.099475010925 -12.29679298529984
28 585.7452436728006 -11.594102449947865
29 557.0002108544387 -12.245782290533176
30 486.5825725204795 -10.682464318293418
31 536.3579306467069 -11.451256515983728
32 480.69827684877515 -10.494002716012497
33 559.7828921289213 -11.397563796479142
34 507.65244295816717 -11.308615350414737
35 514.9889234860209 -11.933331429346032
36 607.8680691817481 -12.261583062581042
37 539.202881300341 -11.715610827602776
38 486.87922711001744 -9.733452328075753
39 534.3649356977792 -10.46173461285382
40 510.49396043836214 -10.919171545550302
41 524.5097781404844 -10.971302370150788
42 575.6139689028166 -12.257208913282748
43 487.5621894427277 -10.727124792748786
44 547.9605910260616 -10.680438565902369
45 560.674375296257 -11.805863956242037
46 499.17911805291976 -10.441474140852833
47 484.2034835868408 -9.433758809834726
48 522.7012180769623 -11.186741849782393
49 506.98158187020397 -11.29304929496978
50 491.55493978053926 -11.20775816713272
51 494.1730635619061 -11.054548764137065
52 542.3567753136765 -11.160622677154352
53 546.6429364437186 -11.539467683615188
54 447.2278268501535 -9.754547579908916
55 464.07098201899674 -9.966509413605625
56 464.08066053149366 -10.491747220570131
57 528.6054547982875 -10.853720992957195
58 577.5160507081449 -11.942968383182317
59 549.4513089952229 -11.600813211911156
60 469.3448419192996 -10.38393528214818
61 517.4624256221636 -11.732741028410542
62 535.785617667504 -11.645319456390007
63 484.987220992645 -9.883047706722996
