0 422.16038236223744 -8.715029717563318
1 468.65221468182995 -10.531066673082616
2 433.3843875747322 -9.234729707226478
3 463.9881258064017 -9.10705607992833
4 402.69327398539525 -8.210264130836398
5 444.7748611675969 -9.29937391772318
6 483.95439159704375 -10.144931977337345
7 436.86752206755824 -9.05306340683089
8 418.86420381963643 -8.687117203953452
9 470.8580256988415 -9.850873710336723
10 453.4784523831182 -9.290741870806787
11 451.49049720191425 -9.391786510870242
12 404.0888901557746 -8.761302926030252
13 427.40810138375605 -8.835808822313394
14 460.3709390516369 -9.558660883241117
15 427.4793028597307 -9.232729893033856
16 491.65935145665514 -9.798446112722663
17 448.2474157881603 -9.441139033647096
18 413.65512441010645 -8.753006265041185
19 493.39753075059843 -10.350843337381185
20 468.62422047933916 -10.089833172766205
21 414.91468437234386 -8.536060244584275
22 404.7821959492459 -8.59082555976226
23 439.5979536087741 -9.354029053699211
24 462.26680626932466 -9.492633984093427
25 416.2618014865657 -8.507911461710849
26 456.1429025915323 -9.477197264562415
27 414.33548808847263 -8.528482148791172
28 530.2697999738929 -10.48777526661262
29 431.1926953482028 -9.021769316106626
30 441.1647097367736 -9.209342893650641
31 448.709191447156 -9.541409303516664
32 474.2608049004057 -9.680425830892744
33 407.0472644080653 -8.459082662136307
34 433.6787995885298 -8.961153586379625
35 428.0539917124271 -8.647818000016537
36 472.1031998629199 -9.959793515211949
37 453.0013945481919 -9.241913507245593
38 478.0640327825252 -9.429685552091993
39 471.39959175745423 -9.597919575053009
40 483.21363609708214 -9.686477393955364
41 453.45331947191784 -9.208724143747816
42 453.50556273798645 -9.257046301896604
43 None None
44 496.6364698090784 -9.816761697766484
45 458.5224424327419 -8.963491114346777
46 441.81729612537345 -9.084254983415681
47 431.81075893801955 -8.823667021358492
48 457.48009438505403 -9.617157049346261
49 443.6580266681218 -9.113360061426441
50 462.86813362208545 -9.394811005334759
51 452.4549613120005 -9.490899851773406
52 545.0263941514888 -11.442764694791872
53 428.426987620328 -9.13969251955729
54 436.1241857223923 -8.93896115042157
55 430.834089198096 -9.089688912953191
56 505.2298686222176 -10.732825675631892
57 474.14504030400866 -10.018845981105207
58 475.27524655460564 -9.80185413937139
59 506.65621572501 -10.713791421927699
60 455.1190914157877 -9.40915373114104
61 465.08206229482715 -9.802703963738065
62 505.5708867624672 -10.598973645481328
63 422.92426538687596 -8.566803809104147
