0 505.0689271196895 -10.57064556384903
1 487.7735666559044 -11.400157282130635
2 533.9412586583186 -11.72849124857891
3 539.0326768533768 -11.618497681783742
4 580.7668462505235 -12.453099807976166
5 457.69114016394275 -9.941681018071426
6 519.9620104701731 -11.112368470804993
7 505.46009534415947 -10.972963527000417
8 450.3604729805 -9.410815284223393
9 517.5865322576983 -11.0239244691277
10 526.8350045011423 -10.894372641335929
11 480.8891085018364 -10.342186697967408
12 448.78086717969524 -10.004716252454008
13 534.9822800388886 -11.354618841965014
14 473.0624784625083 -9.874433320226663
15 474.4437332610506 -10.257311857256411
16 498.65982839141833 -10.286001819526764
17 474.08585767336706 -10.11719969925844
18 572.4559156300834 -11.980257281854716
19 507.0674629654176 -10.898122327172018
20 477.559326508523 -10.187370122741761
21 403.81205128934613 -8.770375668635483
22 445.4604834673432 -9.556194724556565
23 442.0460277586934 -9.3002478348533
24 543.5471720081852 -11.375689187133755
25 539.9427105470902 -11.537159742970907
26 476.0523926579683 -10.139826499193575
27 447.2355508336785 -9.787478468352914
28 468.71605811432806 -9.396192670758117
29 469.43374816163237 -9.998408565394396
30 407.6529505683164 -8.981901451255151
31 484.909246916592 -10.46907051399224
32 519.6849601356092 -10.913018995444551
33 494.16539397272845 -10.434677546944364
34 525.6161998680919 -10.884623375710813
35 495.87621723292614 -10.7812526003568
36 556.2065589663989 -11.589460598139402
37 538.8712723475232 -11.556806879591324
38 508.57149270711346 -10.933995450063476
39 445.1114383798289 -9.545574939066382
40 488.70106718566205 -10.349339655380934
41 552.3538171204729 -11.7247048522499
42 529.9788857230936 -11.020602322736693
43 469.34389125988304 -10.086413708892326
44 456.80562190421045 -9.580542299294533
45 456.4193085449129 -9.778170823618913
46 457.763162383388 -9.705626911090429
47 562.0654040483623 -12.054889450194109
48 510.95300252812336 -10.794354680581758
49 472.96740095512274 -10.055583352935875
50 463.35123939339405 -9.868732375164214
51 459.11434672827704 -9.810765374332806
52 514.9869000169622 -10.797161873166445
53 460.1982203600249 -9.892082594984165
54 525.1058466528353 -10.81901395741391
55 480.9438710740084 -10.07594612994866
56 476.9493588009728 -10.29416054190582
57 553.7020736270492 -11.732182125852152
58 470.5398712642457 -9.888337538948216
59 541.3087103940296 -11.538374431299417
60 502.88386538547996 -10.695874113540132
61 471.96677189062405 -10.242131017034104
62 536.4109896348114 -11.226790243481302
63 500.3855811387876 -10.360633882296394
