0 476.1686374848883 -12.273622881965442
1 428.8322389393756 -12.641016233137673
2 426.0992636899063 -11.537997860980745
3 393.38209626192815 -11.068688884619572
4 455.858133833031 -11.603329499730588
5 405.525574307786 -11.070863108845312
6 377.193868826439 -9.82915019309749
7 409.9296759161335 -11.186876861753927
8 440.7589609720265 -11.923065225892147
9 518.1838125945702 -13.41358055672358
10 474.94548667474095 -12.840958302775775
11 419.54712338413987 -11.625943164710954
12 428.9005014821168 -11.616821056574526
13 444.8485217003551 -12.21318123343389
14 458.92920080818755 -12.470930354490738
15 418.340492475852 -11.203586577414185
16 421.6906292899953 -11.158596129744458
17 485.0936607937719 -12.670841201459032
18 441.6932872004261 -11.518795825437856
19 414.0847148652415 -11.029870100004018
20 434.91927468851054 -11.49883332957885
21 488.25893008840546 -13.123408181654693
22 459.4459961856994 -11.90449475350772
23 445.5222250359522 -12.402493439967156
24 450.6967345568256 -11.703314023697907
25 418.059282010976 -11.487083480100424
26 435.45971375037374 -11.514687329354388
27 442.05647378846305 -11.706294546353446
28 518.5642394533404 -13.191028273178356
29 433.3094665823247 -11.745592948065143
30 417.9808290101323 -11.34389918237446
31 455.110493139 -12.343378958885177
32 423.41308473027203 -11.34636468927162
33 416.86927712121854 -11.136043630941549
34 507.88365680587043 -13.166616929924528
35 507.3295149205175 -13.89135975841943
36 538.844675998891 -13.755426863831694
37 425.79958920860736 -11.814064110255073
38 389.0224439702514 -10.612535412606007
39 506.88217100348123 -12.907050010043733
40 431.75701564276403 -11.375649313148186
41 479.9200974456266 -12.539164328433854
42 451.6477276614657 -11.864621915110101
43 450.07598606371795 -12.109341218705358
44 467.70817119422753 -12.249633959994828
45 444.3065447583943 -11.705231855048234
46 475.45405409893084 -12.669351693464026
47 400.56922477926753 -10.676968508902382
48 476.51583064001073 -12.516509652196106
49 466.9289990535284 -12.346658300616607
50 433.8798852851122 -11.261263570269364
51 427.3022797556559 -11.677715320464305
52 478.1280979511371 -12.698021403879718
53 455.90413183687184 -12.398818317067237
54 471.2360686160284 -12.697276042194591
55 398.57844247674745 -10.762753035658491
56 435.78590135681065 -11.860095995120528
57 460.00061890992623 -12.399011458208602
58 408.1136320670393 -10.65852575925528
59 378.07667554736366 -10.30492880589757
60 414.32958735016103 -10.717887980045486
61 412.9694686898078 -11.395290368468526
62 465.33325023230185 -12.40804391450459
63 447.3576528547109 -11.432289946436137
