0 478.3897118776792 -12.245168734053557
1 549.0947821060195 -15.560047921888335
2 470.5177324970431 -12.279948317129145
3 574.9411536272938 -14.810087233969092
4 557.300217149983 -14.439093416109433
5 521.661809416674 -13.456063223802579
6 521.3574788678332 -13.395985794360529
7 613.341816711633 -15.723078463017133
8 438.1602034352616 -11.52707215144451
9 548.3316901943799 -14.114678268262145
10 457.60559710963656 -11.818526976658994
11 499.0548198107709 -12.706824402501395
12 476.04101115599366 -12.688294132014368
13 513.6525167255005 -13.508044748897007
14 477.264678342064 -12.253604786667346
15 506.0600875498224 -13.237703982140019
16 474.4346617868452 -12.07275174621454
17 476.63211959690125 -12.419880797730366
18 554.8316790474717 -14.119766257392524
19 533.5812809272675 -13.756501662596047
20 516.4088575234216 -13.701012535768204
21 447.59703888111346 -11.78711932510105
22 433.5010529363291 -11.257575438318101
23 541.6792390392774 -13.871872274076836
24 555.461424059131 -13.964454144942433
25 466.490236954684 -12.205332599155511
26 534.8962675643512 -13.725081831872037
27 517.5549666289264 -13.628304042845162
28 558.3870992785721 -13.908125989821407
29 439.977440028971 -11.435240964647353
30 531.3816538339776 -13.600403261138506
31 483.99820506989164 -12.498492724761133
32 607.581599217768 -15.241453301658952
33 509.0117205044351 -13.251016554079447
34 529.1419104853026 -13.207150364300352
35 496.233036733015 -12.769187317839576
36 536.8265115899001 -13.836325366952982
37 485.36515208325073 -12.912138481438754
38 546.879956245673 -14.247368731456723
39 528.2441091144063 -13.782965354123462
40 447.39108103626967 -11.683647577847431
41 621.8826595687312 -15.947748427205998
42 534.5470663093072 -13.646371981876133
43 455.3506298196122 -11.928285365498882
44 540.1032025827185 -13.694411318574009
45 532.2976582210617 -13.482243932182868
46 565.0987542950895 -14.561994674658031
47 555.717745673195 -13.932072673282034
48 493.5879631171703 -12.635831220745908
49 499.54541972489824 -13.092862470705278
50 506.18144104319873 -13.248832241783765
51 520.7529357704643 -13.427621326696642
52 470.758441191553 -11.87390601166232
53 485.2442580071475 -12.60165260023068
54 540.7697351539547 -13.730095666273323
55 486.709519642574 -12.567550249868452
56 538.1200603756963 -13.8888683804089
57 534.8001690098857 -13.837134059914272
58 605.8997500520481 -15.329055757932244
59 537.4825080290917 -13.796493322742252
60 492.85399303472843 -12.482189473183633
61 549.289996960737 -13.988272009201399
62 533.9874827698957 -13.781057066430213
63 464.7464199400491 -11.627341120805616
