0 463.7649975942528 -9.168763513555012
1 425.28555569756884 -9.855753959168846
2 454.82333252630326 -9.372003762505711
3 430.57842137422296 -8.973221849526634
4 459.99461433259756 -9.767135449755989
5 408.6080395945833 -8.699841152379197
6 426.434139360148 -9.163621090468107
7 463.3160737853623 -9.9370567396393
8 442.4789304533836 -9.281824022793565
9 422.8648271108222 -8.741450862454458
10 444.03501954453753 -9.290791041664466
11 416.6362284881651 -8.61358460478243
12 445.2045151360589 -9.233182585806107
13 455.899437048172 -9.677974716123668
14 462.1003653046469 -10.11685247817546
15 481.51210576341936 -9.861595975884065
16 432.0621288002012 -8.860031975332788
17 442.03486021177247 -9.059313034712474
18 430.81330976435896 -8.690482294136356
19 468.2832180155514 -9.772117695951005
20 484.6617822691614 -9.9755128953259
21 458.9573636257289 -9.25195116636148
22 420.98674572075925 -8.488643021839062
23 416.982694093329 -9.072667318298222
24 491.8118371460542 -10.181581139751245
25 469.88971031529564 -9.601702727052485
26 382.9340449186164 -7.796831248000287
27 486.5016884007979 -10.116291552560666
28 578.1856527701216 -11.305124780364373
29 486.6438353792225 -10.100175969626306
30 473.33545598998097 -9.354650468001186
31 411.08423982224804 -8.677896007670485
32 412.22560384886424 -8.550542921861574
33 456.7759777072167 -9.994711495808442
34 454.22888103726547 -9.187686680748186
35 461.46613722553656 -9.726792687585423
36 406.17456050680215 -8.456385694298822
37 427.72691707421046 -9.184446730073601
38 445.32482721262437 -8.970829918163922
39 416.7688756691785 -8.796962968572931
40 454.706614678523 -9.234362752342532
41 401.9641775381095 -8.550217245699896
42 401.95994263810127 -8.567499646006027
43 422.062352540486 -8.81568170413668
44 497.76711372321074 -9.67321359257136
45 447.1629661791418 -9.433935248133391
46 384.50551867230877 -8.099706089625514
47 481.73765718904104 -9.96744090584277
48 463.22415968660573 -9.47135537475953
49 411.5177178696341 -8.579613842949586
50 423.6831796975296 -8.688298211353795
51 475.50267527015467 -9.7643215083584
52 410.0345743203848 -8.842303248418128
53 429.62761264633383 -9.053086450827095
54 482.0980943492195 -10.008251127515312
55 429.3113206908743 -8.70554420146937
56 410.25443344638313 -8.64489928435321
57 425.1336942773809 -8.693171914816125
58 477.8368285576505 -9.808377896046254
59 463.58373730855 -9.904095651114075
60 478.13044098685987 -10.090325969014994
61 405.2001845743394 -8.459766099911924
62 408.97873361914486 -8.37963774259529
63 420.1585979787008 -8.51590968844534
