0 572.8758206876113 -12.200019192870611
1 553.4049839068607 -13.345747793555198
2 690.8942694595331 -14.906701709809662
3 659.7149357851315 -13.855112641648638
4 603.1516742208144 -12.80781765609954
5 597.180295764563 -12.807312252804893
6 659.8820051612058 -14.239099019263563
7 521.4389271400123 -11.334018967669662
8 562.9127911354603 -11.94937408674409
9 599.323334654508 -12.540996171201991
10 615.9484768429177 -13.23366536926204
11 610.1968110789235 -12.87110317835612
12 513.5296121281594 -11.523157999589989
13 606.1906024552903 -13.131370201032935
14 671.3195731738973 -14.508063789885979
15 585.8627669078473 -12.372198326078909
16 546.6795849115564 -11.675509084018254
17 598.1616198833891 -13.166986153585432
18 598.2609254668827 -12.704000262680543
19 635.4354989904465 -13.762611839645137
20 636.4865965481099 -13.723435598169996
21 526.9037866782417 -11.44783481126628
22 504.83606031139345 -11.123026941864753
23 627.3136574378804 -13.325766257550924
24 582.6839394910198 -12.203367486094194
25 632.5717134760437 -13.640172382778237
26 705.8602598118418 -14.953110170136533
27 623.349173639388 -13.596442802388038
28 618.6615510039661 -13.162839488113855
29 581.8826332656694 -12.551957570667444
30 729.0350585792017 -15.212616825820131
31 617.6825414247024 -13.562518093778971
32 636.034806333876 -13.245517852990993
33 546.5282689279705 -11.721127311356735
34 576.2996558725346 -12.276613289782683
35 547.7011776219076 -12.078728965929695
36 600.121333463122 -12.591741492335558
37 571.5538471108947 -12.391232021314256
38 604.7419662845728 -12.38623204287161
39 583.0792518189274 -12.151897093026525
40 596.5612389506971 -12.348761865308978
41 591.9473663157605 -12.999923296571785
42 492.10406173106253 -10.280034549951296
43 656.3930964617615 -14.19656098110161
44 598.1113169283756 -12.472534889206655
45 589.0327199848984 -12.76390420218212
46 482.46958613339564 -10.664627007368718
47 677.6782961251635 -14.601516383087452
48 552.5555266731255 -11.394401762812338
49 718.1179834324496 -15.065846411854274
50 627.8293566456402 -13.638996329276312
51 605.6443078318404 -12.640581365476002
52 563.2692070931596 -12.030215168500188
53 655.6998782492249 -14.124417029916959
54 587.3379289991196 -12.671480003710478
55 576.7904266886519 -12.450474858334264
56 631.9297967788301 -12.973622873556755
57 546.3066041793592 -11.770864484497906
58 589.9244790955811 -11.89019297106011
59 595.6893187045068 -12.758501884612262
60 438.2632601273108 -9.41130960528106
61 749.8797170187255 -15.289176473871404
62 585.8503923152174 -12.789428970103213
63 604.8916927359281 -13.025187803326075
