0 574.1305900615869 -11.849832035063699
1 662.2364612545871 -14.986866618597828
2 610.2438872234443 -12.78963794364759
3 577.2158580545768 -12.590945865390681
4 735.9035630769841 -15.65725659636209
5 627.6550667740244 -13.56832749265419
6 615.9738831859919 -12.72977739788907
7 643.0559055890321 -13.151382460706603
8 622.6665264597616 -13.133774775258429
9 602.0345205173969 -12.312427615248081
10 500.47371752683875 -10.60117482729521
11 618.994363551206 -12.99108781457217
12 516.697725622367 -11.691868301588217
13 577.2008142178125 -12.27410843222691
14 623.5870212761836 -12.480473542868758
15 563.008229621128 -11.64809841504607
16 568.117420382886 -12.286105965913052
17 602.4835074799591 -12.94642772875457
18 616.0883732549137 -12.721895229589453
19 599.1752056570949 -11.912428471922704
20 606.321501101793 -12.64650936653037
21 573.8031696990591 -11.879101901372204
22 637.227474266345 -13.375989461661208
23 572.7694084772833 -11.887476922424085
24 576.6856838022965 -11.96240752089503
25 628.6530449886757 -12.954367948245242
26 611.7716055385072 -13.009100366001022
27 518.2921313638104 -11.114178710660395
28 681.8670072510364 -13.697319524156766
29 486.5692076166704 -10.441924380242895
30 623.727364519971 -13.27314877213332
31 550.603676242219 -11.726967462334544
32 686.3425304911478 -13.862851384210812
33 577.9240087561616 -12.260767484114734
34 579.023455012776 -11.734192799376165
35 566.2992570213493 -11.59143790473243
36 580.187955744781 -12.233687565769285
37 575.3147457095405 -11.757117023863966
38 565.5594296410028 -11.834503536704034
39 617.0171551131123 -13.128135123689516
40 553.12892314645 -11.81516774190401
41 656.5855689041091 -13.266359463597501
42 645.2304546529509 -12.943100787575291
43 555.2952886348247 -11.724604740765749
44 525.7532764923716 -11.141343491308222
45 598.1204121118725 -12.34194479132171
46 615.8081025862737 -12.464717968623454
47 611.6474391252439 -12.43674693484406
48 626.2542272303646 -12.805914243748193
49 597.0242380626812 -12.21119248830971
50 499.41522182494253 -10.392536190168462
51 637.8591929902285 -12.98624824298774
52 561.1334706479772 -11.704387264525344
53 516.4300978800948 -10.941786331823419
54 609.2398512533276 -12.452410558356537
55 634.9139725549503 -13.153798971623807
56 550.7039471479876 -11.852495845801116
57 564.2619591044216 -11.217618628602029
58 594.9402020523506 -12.528251777143499
59 591.6913022867608 -11.858881065328413
60 540.818793941046 -11.448627518860214
61 500.28851216408464 -10.451348290435183
62 626.117684162004 -13.252372998807928
63 697.6726648645929 -13.97826584671796
