0 507.6085525414348 -12.242754929678233
1 518.875960547619 -13.612108660462457
2 486.75689152436456 -11.771337381903965
3 552.4457576992677 -13.310844562015559
4 605.1741116584599 -14.243048718335734
5 543.9372561832649 -13.03644310832119
6 543.9231550962295 -12.80691068424113
7 736.7743956955181 -17.649632922120734
8 483.69830001633596 -11.450494781038692
9 582.4758499057377 -13.933719935631018
10 527.1479001801117 -12.681493293037944
11 555.6932432087573 -13.490899235506703
12 622.4400314605767 -15.570524618304448
13 578.8828437549381 -14.211053676495332
14 517.6958576379075 -12.33709765387224
15 571.4042306439028 -13.798056546002552
16 528.8005737548117 -12.602157222415688
17 550.2999941182102 -12.999721742122206
18 581.3537018030202 -13.892096743198817
19 604.8493095916314 -14.541708015878838
20 583.6498414783964 -14.052852744355347
21 475.4917938787588 -11.902594829047187
22 552.7884109732869 -13.275032727667897
23 544.6108088618616 -13.119111703597868
24 528.618296894206 -12.806930796166036
25 516.966064023984 -12.409125799606649
26 508.3280095725361 -12.390379002965437
27 444.999706373573 -10.983078945141989
28 529.8162996390073 -12.508941498158105
29 537.7459013335732 -13.070199662227877
30 463.76196332399485 -10.987251523735047
31 483.18732843782175 -11.812344487874581
32 500.96718141074535 -11.920298498771897
33 575.6313349156131 -13.951714855751366
34 474.55756778879777 -11.230734035992352
35 621.0353797634874 -14.776900235813738
36 571.1492642044219 -13.32793697495862
37 607.4375758121289 -14.720151428761806
38 535.7892161698529 -12.850570040807252
39 495.3892296551038 -11.433137164578875
40 534.4779828160456 -12.567323172165194
41 465.93257688721224 -11.319097626147132
42 487.49811582420773 -11.704908801965795
43 514.3558020017495 -12.133710040310733
44 560.2518311218639 -12.98997793796044
45 496.1633606376971 -11.724793466269748
46 551.4467260714096 -12.986921042076176
47 600.086748725325 -14.297323667876649
48 563.667589375853 -13.27805216791742
49 475.8639478870059 -11.496099211708279
50 557.1367207231154 -13.209174207595614
51 536.6951140612299 -12.516837300693751
52 455.25021689030376 -11.104448474569187
53 534.779847355805 -12.869972016654273
54 507.88162349217527 -12.280823885367374
55 527.4707596468771 -12.672987943340376
56 503.63691213164157 -11.778889628686944
57 556.1392739290206 -13.530350879491253
58 555.3327630964355 -13.035288520510914
59 501.81708889117857 -12.151591109981526
60 619.6664961747806 -14.598641611862304
61 550.8123174879746 -13.230812833816996
62 511.97783700743196 -12.472508064502428
63 514.9918808226721 -12.132926816570407
