0 470.02743840517525 -11.244900048373927
1 547.9472393116883 -13.989112823954846
2 504.8667172509261 -12.134978059225196
3 480.60443552622996 -11.688522796500276
4 452.08908142010483 -10.772288125869373
5 535.456936568289 -12.215523218672686
6 490.0330019029647 -11.552489642906057
7 480.878944122013 -11.526186496662712
8 505.2476976770028 -11.479009878793795
9 513.4146510007492 -12.119714038500698
10 515.2276237544364 -11.95883971345741
11 505.14468070780066 -12.145861592697473
12 523.0295144409406 -12.544446898197792
13 552.7799905921297 -12.972039517339756
14 440.89591142113017 -10.665758344582892
15 427.2386337110951 -10.090705592744667
16 487.42837104747485 -11.54094798319288
17 547.9230607626159 -12.392067188332092
18 492.53622529035096 -11.595107369649297
19 489.11387287380205 -11.626482514497448
20 507.79880001877325 -12.20818317356617
21 491.2085298144685 -11.314246148135096
22 428.8623279352374 -10.201729944374614
23 519.2188538537433 -12.313066227532525
24 520.1812171174115 -12.383769926567624
25 535.1770386454386 -12.289023408202336
26 483.2859694823267 -11.265231639590501
27 490.73281936119434 -11.61569854106151
28 618.607061088717 -13.823717386425828
29 437.2592234504357 -10.23807361458612
30 500.13778675648973 -11.84939651567206
31 552.6921878367858 -13.020727646115095
32 519.0983008500676 -12.163888287568035
33 629.9094223484374 -14.65476363716172
34 519.9465390469293 -11.766514921467486
35 482.93315974119895 -11.680450579288964
36 482.74427687819446 -10.873429959187465
37 569.6872876356849 -13.440801249137623
38 486.76274650218346 -11.129252596284452
39 461.5821281736497 -11.098672328776507
40 None None
41 540.3932507825359 -12.433337028627404
42 497.28837083902386 -12.105324382233988
43 482.98577014386075 -11.721485875538832
44 511.8993893835001 -12.083090976682284
45 433.2741886348322 -10.862725097577544
46 482.7433681716982 -11.307878024652647
47 553.314716423872 -12.817119334690933
48 501.88345654762554 -11.797445754042203
49 504.73535514189757 -11.93244004702363
50 464.3364351773971 -10.763533409959777
51 468.1762164941294 -11.333326758428576
52 493.55735286421617 -11.656342282163935
53 520.8234125071859 -12.323216620358592
54 484.8852559657319 -11.303383573951798
55 523.9878339508841 -12.478336604705035
56 499.0632041359549 -11.823246555118802
57 479.86255525496153 -11.582234098229229
58 476.144555369848 -11.393650577973863
59 526.6951046704418 -12.625143582517337
60 489.0176288002666 -11.840004394960681
61 515.9684010656495 -12.536756478052888
62 509.0387864574828 -11.83974201671786
63 503.8467149442455 -11.626909431306037
