0 496.5057972310648 -10.883996853803135
1 664.3433549195599 -15.66823222327005
2 603.6539610341691 -13.423571957776112
3 634.6261605870326 -14.38163984618045
4 582.3322524846626 -12.79071155891157
5 646.9149931722861 -13.990219622334157
6 593.7242815928095 -12.783639472890739
7 656.9651913057232 -14.567365602531623
8 589.6168740569311 -12.670324382151355
9 500.049451024938 -11.438792784390241
10 722.1150870036882 -15.57159860065793
11 580.2645267583143 -12.943063092234501
12 702.4837798933754 -15.388412014005612
13 661.0151059314276 -14.732720867949073
14 610.6591265757029 -13.503488015290621
15 570.0433640897489 -13.096545529436693
16 758.2605550195154 -16.191262256161917
17 693.4827321504275 -15.8011005928643
18 555.7883574213419 -12.157857855253441
19 647.2377571584523 -14.058932391140798
20 622.1649972890186 -14.01972994447026
21 592.5577167629017 -13.36075626078501
22 629.0947318341882 -13.36326823712867
23 709.4905003197898 -15.431453313846756
24 670.6414114245773 -14.958330221127339
25 565.6358706191721 -12.492179759943616
26 602.6263991353406 -13.351517817004376
27 671.9946077145067 -14.884204934854935
28 562.2040180464949 -11.011855398340902
29 633.4455736334457 -13.82004828699353
30 598.0256733806926 -13.236637440951897
31 573.5102791738268 -12.566608106168172
32 582.3928790342811 -12.473668792282925
33 630.3205139854073 -13.953055343342433
34 715.019875435566 -15.449435123407973
35 588.2988371818835 -12.946371051310685
36 628.1919003557488 -13.672217989180014
37 585.6705008966292 -13.179939925261143
38 591.8105152440173 -12.895763390112498
39 630.1784975227044 -13.626834446436117
40 617.7567324560362 -13.564686839067312
41 604.110342583985 -13.551969987926523
42 580.4867950312407 -12.640428223337507
43 533.6341864768154 -11.66597555948588
44 677.960278391819 -14.941023080419825
45 576.2226832289023 -12.410861313573836
46 541.0254266384012 -12.081518640718189
47 504.2246810121013 -11.458574466588656
48 615.580229423558 -13.510651999271882
49 582.1920592819566 -12.512239489356187
50 612.5346547211612 -13.633129368721674
51 769.3288811310535 -16.310978934441348
52 605.2856978702991 -12.71489554749626
53 569.8567931628411 -12.924882110205122
54 617.3120601066696 -12.968443259256025
55 690.5778896111082 -14.909716735169098
56 661.5224811152906 -14.342862174268328
57 678.3171228734523 -14.682432730118467
58 593.5303170996832 -12.385048771787023
59 685.9897745522998 -15.108318935502828
60 656.1194188904467 -14.382746895992572
61 615.1188387213477 -13.444357129847674
62 631.1258319271238 -13.786770138177026
63 620.600782464384 -13.517077750343345
