0 508.1140798510378 -10.645464273861952
1 466.9466811171403 -10.512077967583751
2 557.1340445942076 -11.704518367437446
3 484.6724956895369 -10.364011133240918
4 586.7185074846979 -12.162982916702443
5 499.0520844107093 -10.311811778183383
6 525.0118356582728 -11.38755275002037
7 503.69028202425733 -10.465079490975745
8 586.0158021415367 -12.288522799840695
9 507.09896643430824 -10.70396777430588
10 539.7887659870564 -11.36643024482451
11 530.9455320077748 -11.325916965732208
12 570.9152936656183 -12.376925730993833
13 498.34576888940956 -10.836851101763884
14 530.1896714790272 -10.574340234584385
15 479.7775218934279 -10.30691890462979
16 531.1961210387236 -10.720469337526229
17 501.23371984700907 -10.586570402739168
18 446.6326947818653 -9.189772406349537
19 534.2242883806566 -10.642144336428759
20 567.4250453021067 -12.264320990953522
21 465.1600994478289 -9.895556633160199
22 489.6477082504026 -10.471342165022868
23 581.0471881705204 -11.800613478237572
24 512.7086790250721 -10.725670296773629
25 479.38112941249403 -10.390608886051407
26 601.002821134264 -12.43475740215945
27 514.9920053927959 -10.753840927530117
28 540.4836111063529 -10.643945729339798
29 514.2529713190713 -10.957049974499194
30 493.6432079647093 -10.41989273371493
31 510.11312578062393 -10.810308092061934
32 519.9960670767467 -10.618558564532655
33 439.0241369236406 -9.600461606332008
34 564.7004740820569 -11.81656386362167
35 585.0462220649569 -12.132726379018878
36 592.5505086712164 -12.014672401737531
37 560.1391868128385 -11.871650027096699
38 561.7078965863949 -11.029934554274666
39 479.2594164118909 -9.794885395004586
40 497.8431806273988 -10.81156719088217
41 461.366311662308 -9.648008759062021
42 519.3214400269432 -10.657907822693021
43 480.62761669297697 -10.30131196084975
44 510.91448615381256 -10.822872916488633
45 484.2343463131644 -10.359517613290555
46 496.32745083064714 -10.396973948761422
47 540.6901068592866 -11.455384672222884
48 547.3541292651881 -11.640205075527758
49 556.6895874173019 -11.757972315705526
50 499.05690407863307 -10.749930191125625
51 572.4978879433427 -12.083392593144238
52 547.1547548768435 -11.527173353301674
53 538.7744276917603 -11.348709029753342
54 556.9351291488817 -11.4810151913769
55 498.3165780642305 -10.677730325045975
56 500.99903657579983 -10.456256459375693
57 545.1656929819967 -10.998503821549944
58 487.8944198872692 -10.229775882924535
59 520.9489418574832 -11.317723529656508
60 528.0692875829923 -10.872220522732718
61 553.6175227348652 -10.96797991558909
62 520.2903542152396 -10.90698374358739
63 518.1676858566597 -10.288158118838133
