0 634.4616941853137 -13.924945846420703
1 608.0832109700505 -13.92148644851361
2 615.9042842224127 -13.201832932521281
3 542.4482617404414 -11.752550121607776
4 547.8121481406138 -12.046136237438668
5 582.1174146526356 -12.878718573575794
6 580.9033391825785 -12.68139628617256
7 596.439457702185 -12.126591577117129
8 539.2643682922363 -11.749385688669305
9 653.2253697731109 -13.926691823620734
10 585.4034422247656 -12.065074811604987
11 581.128112621435 -12.880914322209197
12 527.3777894680966 -11.953544098957309
13 665.5981542993939 -14.495698927526888
14 610.5995230610002 -12.592146689090116
15 532.3096349122486 -11.541624831981666
16 642.5075316196979 -13.846632302686048
17 559.4344100127154 -12.033416864504703
18 578.5088536582392 -12.368212813656568
19 658.6207979371083 -14.230857831180145
20 539.4954825847088 -11.705716337481595
21 665.27547987848 -14.20068119849208
22 580.1584201007367 -12.300145337608413
23 557.9411264066968 -11.398278003969414
24 656.3864301671947 -14.051935903699263
25 586.5067692398567 -12.625231424872023
26 598.5902648241051 -12.445746537263357
27 601.0443608947625 -12.668640905857448
28 616.52818020128 -13.059401109393896
29 612.4979596701993 -12.991710220337737
30 576.4097356448509 -12.587793508386177
31 639.6580498109322 -13.826601516967823
32 589.7328580732292 -12.768753591377754
33 616.7734478271925 -13.661507577571598
34 594.1996452280297 -12.896406726101063
35 655.6387515095835 -13.897065434711362
36 570.1473594678279 -12.228756735775677
37 580.795243992556 -12.491989322757107
38 615.3924157227912 -13.091055052913509
39 638.4564913445748 -14.092235250555204
40 705.2280027596883 -14.923926366627786
41 538.5521247057319 -11.57813029448677
42 567.6329947231869 -12.317229000799836
43 642.5432035923071 -13.828103282781012
44 687.2657440250847 -14.960261981081107
45 606.7506361071465 -13.362176111001165
46 589.1460516386103 -12.71236436992097
47 570.0459068523045 -12.803802220922764
48 668.9143487338366 -14.363273188769309
49 582.4810747286793 -12.406211988156178
50 613.3189281411843 -12.357464177608719
51 555.917773968756 -11.992905590849071
52 613.2005720222118 -13.046273470297907
53 605.7801879641075 -13.14840337621912
54 588.7837500954693 -12.93103480089467
55 553.2165522592145 -11.96070929383747
56 647.7968112311501 -13.902301056692174
57 590.0615039811131 -12.760334547297122
58 604.0064148038567 -12.872794866965199
59 588.9095220124902 -12.816637950168067
60 675.9542822414645 -14.556511856692921
61 616.207706528117 -13.08762896139198
62 598.3209552505098 -12.956786235264376
63 700.9893332526308 -14.392048138357454
