0 500.222086296598 -10.416899019597727
1 498.1573775935601 -11.508063481275313
2 551.7514741355604 -11.763490414665538
3 454.5908153297645 -10.271287300825785
4 504.77924589661075 -10.765421813019755
5 481.5814907181188 -10.62390838953431
6 466.95736606237637 -10.208830020697809
7 514.9639780348996 -11.43300958696705
8 486.58273601630316 -10.585539401134463
9 483.0788288633221 -10.95983051040366
10 521.7889464878258 -11.37694197210965
11 501.8431971888274 -10.985143649897385
12 442.6637042803157 -10.1309384147651
13 507.2666806910712 -11.249473830258458
14 509.36781966540894 -11.32909222486682
15 453.8001393135289 -10.384569020226731
16 565.4552482670721 -12.37649179231682
17 480.48527830414065 -11.05811375366631
18 464.22534831893677 -10.303472515006872
19 471.2485873545613 -10.577757184075292
20 536.8603715636392 -12.162597822904377
21 444.34829625262995 -9.805788164239049
22 482.439766915444 -10.636602203607177
23 573.4901768070893 -11.448756980504253
24 473.0234574498033 -10.020512356507368
25 510.4207098527081 -11.337016235835447
26 593.7043994836301 -12.550110482495517
27 487.6797335314217 -10.387050631263161
28 578.8602740233927 -12.062177187790601
29 463.29722840393146 -10.353000596221216
30 497.8487541825111 -10.880729973654546
31 562.7351461896731 -12.093668924283707
32 528.9290953007343 -11.24678847509796
33 529.1219890034085 -11.57424082736358
34 483.41151519671166 -10.459031309883136
35 479.22429861021067 -10.535921695569602
36 542.136442330861 -11.749031921051632
37 516.2288151473882 -11.40180565202421
38 477.43686955220716 -10.13648541299102
39 391.82679615592286 -8.523442394760824
40 492.8219395763019 -10.788476981326966
41 522.9991938634698 -11.295158538370039
42 497.1224883523754 -10.668327611099908
43 432.60630706622317 -9.442603098531759
44 563.0520579287402 -12.53124641641161
45 478.67812617213684 -10.783255762361339
46 544.6704760439081 -11.963835901851507
47 446.05088446190206 -10.30881892559208
48 522.8757586875113 -11.352085333696952
49 463.66079528479287 -10.207843257503313
50 512.7416680616599 -10.981415877253253
51 548.8937773185422 -11.925064897605214
52 439.0050886694489 -9.588545230022271
53 532.4598916358542 -11.364379834901394
54 557.2906096448721 -12.081058967894721
55 537.1265885191824 -11.86983124505726
56 481.05798021478114 -10.585754332021027
57 514.577439969319 -11.363135756802583
58 499.5409305967552 -10.815977359995482
59 518.6477315871831 -11.39850288324126
60 434.9179236300898 -9.32372922991297
61 547.9689643486837 -11.969070571093468
62 574.9208370173702 -12.442237100272685
63 530.7042255079162 -11.490091046228004
