0 474.1287775936108 -9.656403740884807
1 563.8735469899161 -12.60330210664134
2 556.8169193232051 -11.21020416881673
3 596.5744355990099 -12.526418485137516
4 508.14185885901543 -10.135468811259596
5 513.122157821635 -10.464730843550855
6 501.25752022751226 -10.470339166876046
7 608.8194859954664 -12.391481690725902
8 543.2193693834556 -10.7433125235194
9 510.0767927808827 -10.462448998190656
10 564.9934672074171 -11.078150266565839
11 564.7829290031148 -11.506343331256327
12 461.118679026917 -9.694970077980306
13 510.8408083249913 -10.515335105303505
14 509.35748164341356 -10.182375095466249
15 451.49979464878055 -9.403717997608211
16 535.657641678036 -10.981899516457704
17 544.8417314149787 -10.949430838402273
18 564.2531875101148 -10.841917242185787
19 479.32701455979355 -9.498590581631817
20 465.65194943817795 -10.041495207113263
21 514.6160396317339 -10.303640388690376
22 510.490112636224 -11.039451425276788
23 549.630756152159 -11.140255420245387
24 516.5363162442115 -10.320948270001036
25 441.1261871214698 -9.408769176736868
26 504.9354823716372 -9.815148757025627
27 425.182072725157 -8.831966779141528
28 505.7358058883329 -9.847035737798123
29 601.8271285837845 -11.87315552953234
30 455.1549049110838 -9.426362180376012
31 455.1797431304884 -9.277788352370152
32 559.8727048887058 -10.742107234401427
33 503.6702843050253 -10.48751941620868
34 488.06789332444583 -9.864933383140004
35 530.9371229836628 -10.944413194455965
36 574.6704752894866 -11.251624928234158
37 543.8046322175105 -10.769738373769659
38 492.8050277125928 -9.945673571692941
39 531.2541484515845 -10.747403877748699
40 593.9176761799924 -10.749965541331132
41 524.4798639353564 -10.732351586822286
42 586.2070159964682 -11.927394229606836
43 559.5318864090083 -10.98529890445775
44 663.2001854738734 -12.615077568853017
45 527.6385259980311 -10.388380243035867
46 481.38955941699464 -9.819742545582013
47 592.6414186560172 -12.219608927431764
48 478.1256145193084 -9.972059719534931
49 502.06723591624166 -10.210135243294568
50 556.3582594450535 -10.471376051206455
51 509.59225653893606 -10.411675927312558
52 528.6021446512782 -9.726842409518396
53 593.6241458420429 -11.944775522894439
54 607.0337631060704 -11.643430053763414
55 564.0206676603029 -11.544270780071333
56 523.8247123411634 -10.168900524087812
57 526.5227753673784 -10.809602795339593
58 519.2717463555723 -10.232021253985312
59 516.7768715404164 -10.870159560888183
60 545.3772222588216 -10.761585778950332
61 474.2214810077338 -9.538016181053615
62 501.1978613726408 -10.161346018463027
63 576.6156918831139 -11.654198883556509
