0 562.1800825825433 -12.56111674014077
1 609.7932995873045 -14.723629955325459
2 695.5608129880881 -15.077450543937681
3 586.5428413025583 -13.13760805763284
4 575.0133913902977 -12.054429917531584
5 555.10943790092 -12.152198217946104
6 699.993242186362 -14.793428919437654
7 580.5932454167607 -12.327080432480217
8 597.9171422447465 -13.032447038821195
9 738.3312761500412 -15.962080896595985
10 581.5224528939306 -13.091392073802243
11 634.0276925786741 -13.878554996328576
12 623.1957078523462 -13.65563205848209
13 623.6714393816193 -13.728144506639815
14 576.9611868639618 -12.451956681082443
15 631.4832136927515 -13.547538754831388
16 530.0588332653381 -11.40820669116196
17 546.293728796386 -11.856666879235108
18 623.9533234550267 -12.768945714556502
19 554.0109874088266 -12.067849719614339
20 596.6013426419267 -12.729346436210339
21 710.1549327293045 -15.088117481512393
22 700.4304828931436 -15.19781941562302
23 543.9731971934799 -11.55075873336128
24 559.9068835864175 -12.104232165221752
25 635.7160303723628 -13.849106401924995
26 516.99949420379 -11.19538269171031
27 557.8226975667525 -11.996490740307896
28 672.4484142906647 -14.268942537750899
29 597.0043269028815 -12.777230563988919
30 611.4124589929562 -12.834415688224095
31 656.5030778743447 -14.255667145383235
32 609.2549588750377 -13.26728175240889
33 588.2541772967671 -13.024503957511287
34 633.4876939958169 -13.44430261201598
35 705.5575904012002 -15.309659454504796
36 626.7819884004225 -13.465543264466739
37 611.582170776814 -13.160001944627432
38 594.7113756087847 -12.864136100983352
39 561.3696309569984 -12.312950943085005
40 559.8101046241039 -12.385168641051845
41 588.8800456092964 -13.145969314421558
42 617.1736657020758 -13.422361935239687
43 604.9456851417675 -13.104061485343907
44 582.328930829362 -12.43443567889133
45 565.6042439262337 -11.946933638140957
46 573.7304625631044 -12.408595959518578
47 595.5358027773384 -12.968697607645977
48 616.2936122688234 -13.161106576621911
49 582.5568659203935 -12.764218179840723
50 565.6547016158933 -12.247689203834797
51 621.8988465098279 -13.135113289706668
52 537.8201440770085 -11.432585874872782
53 562.0730708114726 -12.129359367022266
54 583.913651334349 -12.497670372782725
55 562.0327023504569 -12.06032617250842
56 514.4380539452549 -11.050625196554492
57 590.9441580207642 -12.715070951747284
58 571.3637269609004 -12.263948850529577
59 587.6752019272831 -12.382568067214414
60 614.8541913421021 -13.479429940730165
61 591.0884261280065 -13.102633317391918
62 601.4715670693678 -12.601497707429981
63 571.4537977375303 -12.468878320076291
