0 491.88146931250606 -9.45556981432523
1 495.3515899219736 -10.790622836878404
2 708.8954684372945 -12.051204897197579
3 0 0
4 512.99397328012 -10.44159494235697
5 638.2992613732374 -13.038801386976953
6 630.3223971413825 -12.058365400215623
7 547.1284867170042 -10.95303594252938
8 647.6043699123464 -12.85783719878425
9 595.4099465676557 -11.926568275252778
10 580.9935653061532 -11.408586176154326
11 591.2186818098071 -11.61710789733378
12 560.8357446247824 -11.928257268654283
13 608.3277547989885 -11.885431713990762
14 538.292594178719 -10.769812565665232
15 579.8579632435963 -11.522287153732156
16 603.5528768530286 -11.704452580137966
17 526.9103047816858 -10.497864646347054
18 536.326364832883 -10.635828394677793
19 562.9959688669746 -10.810618513677841
20 572.9402313684927 -11.640655985605287
21 596.2583580208886 -11.407600662388033
22 499.78546952885887 -10.076725811243385
23 575.8345968623253 -11.534966032732092
24 586.2413703863679 -11.572671335137745
25 576.3082678382108 -11.68197632247314
26 528.0622842167511 -10.486508362432241
27 496.2613466078477 -9.85918021599459
28 619.2646188805921 -12.369400308068814
29 657.2841665956568 -12.964280717434004
30 666.9677952183927 -12.845593094931917
31 595.7715586611711 -11.820551592593311
32 560.5001665023823 -11.232253659736312
33 575.9529699226653 -11.717368226325602
34 543.0136894732015 -10.98670055510536
35 614.7032804617011 -12.54869179465699
36 582.0714580661216 -11.584203318712634
37 557.0045546807303 -10.935068059072774
38 597.2629678637969 -11.532450808135977
39 590.759257988552 -10.146351480386079
40 532.660652306399 -10.99404387994469
41 635.5030521143971 -11.549199449235182
42 591.3037610094442 -11.886396736818515
43 565.0405401437523 -11.281296288697
44 671.6294329754805 -12.591388067617425
45 724.1900101292623 -11.529579392768238
46 584.9644172633914 -11.559353072025392
47 571.5294172622242 -11.456972448383764
48 576.6598135608975 -11.361487051060736
49 626.5391466011749 -12.63818933425466
50 692.8992798039303 -12.37363506129929
51 581.9564530132837 -11.897868263006826
52 642.8239767722687 -12.794964982508397
53 586.7773464502576 -11.01669958231768
54 620.1677850028302 -12.045633465873737
55 617.9657905142362 -12.189119853039468
56 583.3608965257287 -10.479800100499714
57 556.5478735998001 -10.978494795524785
58 584.4339009201684 -10.903716268702496
59 534.4323180041426 -10.41527277344526
60 594.1692032112899 -11.535483826705875
61 556.2565436134904 -11.442415853143652
62 792.4480390051484 -13.49078087711615
63 621.6843539557174 -11.18040934486644
