0 483.5165466867232 -10.431944605338645
1 575.2258067979898 -13.410109628401933
2 545.4819091527695 -11.492242414427045
3 613.4653300566513 -12.651460616804865
4 600.0408874870562 -12.487602785771534
5 624.8279629732805 -12.782273454532133
6 536.2217556901039 -11.459691231503223
7 625.8268499338885 -12.827862297797036
8 644.4093887059728 -12.950973512226893
9 658.5853328525039 -13.523289524556072
10 494.7471621088799 -10.314867919298893
11 518.6803141931382 -10.819786715082312
12 562.5994452802528 -11.660887414545073
13 548.9140157341981 -11.519995839441624
14 529.2294820947793 -11.019823799941074
15 608.9742739711525 -12.395682997502002
16 696.1030262655291 -14.269360890280392
17 515.0682538388297 -10.800633458168399
18 594.6022957324682 -12.422732515045924
19 549.1224269232188 -11.284103432670333
20 539.5566675371088 -11.562165261121917
21 555.4791310683682 -11.589491927603211
22 684.0059743953302 -14.103836678666466
23 549.2223301051915 -11.489553730732535
24 551.0509285191295 -11.485995520170095
25 652.2636510401643 -13.529333555213746
26 629.8283823527684 -13.124987402058162
27 558.3795439178677 -11.66171352726429
28 612.5591366675636 -12.609954834074705
29 654.8743057743501 -13.473652031865145
30 557.5430028890486 -11.430417222673066
31 723.3389812115081 -15.07528604434563
32 608.3332796210126 -12.47044772162958
33 638.563496122518 -13.135502867063586
34 551.7573234920385 -11.386720998885323
35 543.3893681663183 -11.283740235281623
36 543.8360569277487 -11.121763700502635
37 531.0837060877044 -11.23519395747493
38 548.0297477838529 -11.378197036870409
39 495.13266055362647 -10.406475475627966
40 555.1496714617041 -11.745614534382273
41 657.7247208339511 -13.533712985417461
42 644.1360930662065 -13.064921815142108
43 600.464048505406 -12.371210086157525
44 576.5207605102048 -11.990560627156624
45 569.6381368695227 -11.510674719507945
46 578.8012539295412 -11.745207486125524
47 524.9292143993314 -11.199204061391681
48 502.75018449855366 -10.418007763899972
49 569.6682017091125 -12.254364447568811
50 600.2742929338182 -12.355993789436553
51 594.1343929329906 -12.437037687632381
52 545.1783895378834 -10.970265706787247
53 562.5499823119013 -11.444779148510083
54 576.8129523493647 -12.044494488040721
55 626.3235425218555 -13.452432668032111
56 566.0520055916419 -11.915921269961213
57 583.8287132902815 -11.84387139179989
58 666.6225825852772 -13.591602187055049
59 585.5673703810703 -12.342462253597503
60 615.363972406976 -12.821654936547306
61 562.6322580208837 -12.087923572976788
62 622.8344526613822 -12.743123566966265
63 629.5776740612015 -12.642690062339334
