0 448.3906118199876 -9.561813040742535
1 388.5935426153379 -9.466427669845904
2 473.619873015716 -10.090950809723068
3 439.994358732091 -9.678756761685017
4 456.3703596393955 -9.518774405557409
5 486.3400012061958 -10.293174250387567
6 442.1132737450498 -9.739710079256863
7 447.4609299899269 -9.952867013646127
8 475.3985841503467 -10.10555358980367
9 470.9379938529375 -10.000904569467437
10 385.5140867672234 -8.131693389771723
11 468.5972004862057 -9.851325717251102
12 452.737772716862 -10.05388944260807
13 502.7520274153266 -10.859492686257141
14 505.6796199135055 -11.075168270896345
15 546.5070492197243 -11.743505039038766
16 544.1138272611802 -11.04990305826899
17 484.2776357367708 -10.182851086236095
18 437.0998554299125 -9.30321414911584
19 459.3263527079213 -10.032716920881873
20 445.04103506345433 -9.720094936499795
21 458.7351284889145 -9.865635794076479
22 466.92517407934525 -9.75297673241282
23 453.38046334912445 -9.6156227322515
24 483.55011759924923 -10.294412609916641
25 452.8625867530712 -9.724838605468172
26 382.3557946947417 -8.23518191175142
27 473.6087584793511 -10.501168123194699
28 439.6268090051443 -9.375059022261482
29 445.00831940306557 -9.818461590196897
30 454.01063537308306 -9.777097577467874
31 448.97847159751154 -9.792399439624937
32 513.3963064103028 -10.787028314659215
33 458.9709447362993 -9.926263037258208
34 470.00685331218835 -10.02007485524596
35 399.32067445002264 -8.699167976412495
36 506.9872211717097 -10.698886928309635
37 430.3657031874454 -9.306231440899467
38 464.3186968692401 -9.918979765398348
39 461.03409507151343 -9.992353017786185
40 447.3263408374234 -9.55904199631327
41 416.9793282587136 -9.083367744476899
42 485.6616249710771 -10.427916815429317
43 497.08130319641447 -10.553507860335554
44 398.7734567010257 -8.670861270863812
45 398.7021691003995 -8.557089128999758
46 447.5889978212213 -9.552629931259013
47 549.1153604714682 -11.470249507901153
48 474.24511141170683 -10.266260660060757
49 475.38806812118355 -10.123953187775523
50 470.7156054703165 -10.044974305994945
51 493.5759248012453 -10.822675754975897
52 450.77745228343827 -9.19919330916579
53 495.0428705881126 -10.272195840664065
54 462.0269997521999 -9.80492216762513
55 395.8073843237321 -8.50825561571997
56 440.6129105435218 -9.502209638607916
57 485.2345232465337 -10.176563552295704
58 405.9572699875197 -8.62982964524345
59 485.3477836430568 -10.287030817828468
60 487.9977345660824 -10.421176490224866
61 448.21373122026284 -9.773790013942284
62 448.4104739052395 -9.613246363759412
63 436.9058288151243 -9.406526654751593
