0 563.7946651392165 -11.981811031037203
1 469.09813786643224 -12.488159827923234
2 450.14550784537494 -11.658623168510449
3 483.8315265167759 -12.268412506019835
4 559.316780739704 -12.578121919616567
5 492.4665563572878 -12.25662721422129
6 498.51637147382877 -11.97876806937492
7 451.13018468194997 -11.61473980528134
8 525.087181714101 -13.551369074508173
9 495.52105760379334 -12.496152079234472
10 420.80229326768665 -10.689907294215843
11 505.00700555912135 -11.85283527407231
12 518.4760112805038 -12.99791385041412
13 527.1094949121805 -12.398238481715788
14 514.213556099972 -12.932440962785124
15 434.3069198109942 -11.361399398753877
16 429.54077439752683 -10.890198126900193
17 528.0682434350001 -10.957865683804158
18 495.45068538232505 -12.142713562068002
19 463.3116582064594 -10.58099688642935
20 406.270566226683 -10.948827710499659
21 423.73987874714516 -10.712653895431554
22 437.75700989419823 -10.887121253539007
23 509.975384445528 -11.600168132849644
24 447.0801614189378 -10.656696890281491
25 487.04652839973545 -11.926382556984937
26 479.41958909973823 -10.888517392725415
27 525.2156971974337 -13.256905215418339
28 585.0972640122791 -13.333457912013769
29 502.51274105164015 -12.187946258790806
30 450.3580845089373 -11.171003749682873
31 477.9504266967276 -11.277910698522238
32 437.3064127388226 -10.87302400957102
33 511.66657693320263 -12.737366737853199
34 434.8199078398287 -10.851457377568
35 443.61557603591393 -11.68658214332294
36 420.3192141577539 -11.083520702615932
37 439.6224424687003 -10.714036296286539
38 406.6085557071146 -9.745819067094054
39 419.7604624278234 -10.543388515076833
40 468.04984709039934 -11.478821039307196
41 492.3569203458574 -12.41472367185664
42 516.5677926803114 -12.738959687934775
43 435.0375538398925 -11.368025151457791
44 504.4606113956029 -12.140560835747172
45 454.0020404486251 -11.139382902112521
46 462.0242354987872 -11.166466587236064
47 463.3090243078693 -11.288281885334987
48 459.75963428818335 -11.695376890953998
49 476.8713017050858 -11.387727097551785
50 463.07773269712703 -10.511395177317645
51 429.57882472002973 -10.93086266336978
52 514.5865341264698 -11.062874835367973
53 516.0649854971151 -12.663526192022307
54 443.3925470908452 -10.829828912183242
55 427.1552957220756 -10.730309133954288
56 500.56600397306704 -12.450605777779252
57 499.3782547915543 -12.568578306808359
58 489.8152145654203 -11.779327720377266
59 513.9852192787461 -13.288956761187235
60 436.128584179444 -11.2502513368115
61 451.4318936694174 -11.281998059377214
62 470.00693980894124 -11.540747883452664
63 None None
