0 519.9023308581013 -10.169296006547844
1 442.2072507002747 -9.617283584785334
2 493.73981125763555 -9.939142395554216
3 528.1194324478256 -10.445972444786348
4 433.46733101237334 -8.680191085355668
5 480.0813940084532 -9.61022832378213
6 455.79064866688174 -8.756492137031481
7 473.5678496373948 -9.446259036581832
8 429.6072202444529 -8.320821204398332
9 475.66650014504245 -9.417298863151931
10 508.6121479216348 -9.646212984916176
11 493.7420850466392 -9.656985077883911
12 446.67597778068085 -9.357070304325418
13 472.28625423715295 -9.364514450088162
14 469.27680418332096 -9.227314332156109
15 497.1514605297002 -9.765480779422115
16 518.3350092514487 -9.99479534055986
17 513.6072285668629 -9.96723189155958
18 455.3342101354201 -9.03508110132005
19 469.78985131259026 -8.987642146415068
20 444.3767925755446 -8.902979849351789
21 441.6586616638534 -8.910440991206471
22 444.1360458794579 -8.75986887380769
23 451.3794809945473 -8.921543034606596
24 449.1932316258004 -8.853574728252974
25 450.8395777841429 -8.826252039655447
26 398.2443791487487 -7.7146883002385875
27 543.6772783812664 -10.719409914256207
28 482.41350350954093 -9.355764351486124
29 488.170987067157 -9.800807035817833
30 456.61742483258746 -9.159471207288746
31 443.0624598277817 -8.688549293062458
32 487.761697624221 -9.477260504463146
33 473.20913298382175 -9.240659684403244
34 448.9792055742941 -8.654346248199287
35 501.98961690065926 -10.022023806690328
36 513.1126474721553 -9.774799066139934
37 539.4625341460593 -10.632950742384228
38 383.303695236094 -7.714881296548755
39 491.4173077521542 -9.533529063225629
40 414.2448281968167 -8.1764743196245
41 440.48489527975624 -8.728682025409558
42 452.52493447350815 -9.025342503779207
43 523.0570746393777 -10.184013365474248
44 511.719684167615 -9.826887812511503
45 449.7000711175951 -8.665398157043345
46 533.6983891961323 -10.158451884943213
47 484.6403326045414 -9.408353215972165
48 502.0140561107014 -9.790171646011077
49 464.9117314322231 -9.329347455852778
50 463.80428903902646 -9.381992552617438
51 421.73131250655905 -8.273872522855614
52 460.0709540579641 -9.166062712521969
53 417.3724065987853 -8.278661228775954
54 449.7864759743849 -8.640894744658109
55 461.095667944191 -9.241347689071612
56 428.3199880909698 -8.173419481455488
57 454.760454638493 -9.197340844017743
58 491.80411227843246 -9.615578825724818
59 469.32034496914457 -8.836000640903368
60 502.5058473326512 -9.71893350963049
61 451.2170553849142 -8.744887792827175
62 455.8099163443165 -9.143790780439154
63 490.63092097841957 -9.353965736554377
