0 448.3244763097825 -9.82598616419474
1 481.49780346073214 -11.27082618982382
2 530.9434395004203 -11.593775053195499
3 577.6734890358863 -11.898035609142847
4 449.3977373830469 -9.614122750134351
5 478.13303043837925 -10.16812125838828
6 462.0558503240996 -9.390670589374672
7 560.9669633159774 -12.270272640661346
8 480.3090277604219 -10.465201355926167
9 488.505739643582 -10.620797197195866
10 523.8648743055468 -11.241652133820592
11 494.4271436877368 -10.81875262596601
12 477.4920461414097 -10.570666921828014
13 483.70041436651366 -10.839119220209136
14 534.8945601486298 -11.07938096065888
15 463.49222499195724 -10.386195720104206
16 501.4757232853376 -11.028535441149586
17 507.58111632123706 -10.762265757786913
18 513.135007632922 -10.732883385931581
19 528.189973859156 -10.645566790629543
20 431.6847626603012 -9.685040864395743
21 549.3090217148899 -11.855023772653624
22 508.3353963723352 -10.833991534546373
23 568.1337072439724 -12.242180846191124
24 500.5407580925836 -10.598233176291691
25 432.6165710975097 -9.824995466788295
26 503.4288295098106 -10.497586584086756
27 517.1175943804526 -10.962929094032413
28 561.3955748841607 -11.418974383619586
29 552.7329327024289 -11.299022790267266
30 601.883327445511 -12.293785250543017
31 498.7869380722055 -10.65626772125035
32 488.01575208246913 -10.156707706432098
33 519.5589102848331 -11.177243244013638
34 497.9374913096975 -10.664522506326499
35 581.5007674023149 -12.630102649091848
36 492.4945135643033 -10.529593611262044
37 613.8227234436946 -12.562886741830475
38 469.089743052314 -10.15189039050043
39 522.4067054318643 -10.74187488674058
40 463.9042403930083 -9.309916440840793
41 520.0484509884997 -11.13486282510125
42 585.6973296848125 -12.433096846658325
43 526.5624293878697 -11.162377698676973
44 471.71359483425044 -10.396243676867815
45 497.91187600779296 -10.778122459186156
46 536.9834182082285 -11.080823343840562
47 512.5564151776478 -11.183067328387663
48 494.44909693397915 -10.979302866339191
49 518.011091019514 -11.390483778568703
50 587.0458212600366 -12.299857091125489
51 463.34137513766666 -10.153903711313264
52 470.6730086084411 -10.176090032333994
53 505.7251929711976 -10.59297456611863
54 521.6505481466052 -11.427315019828308
55 529.0608685219469 -11.362062642822066
56 536.2109184662837 -11.424089168464054
57 488.8607722497543 -10.614157823303383
58 475.24286088267183 -10.059504097241728
59 491.7050506301704 -10.347147461304008
60 515.7102930471299 -11.145825467571884
61 606.0509296580176 -12.880266335160773
62 513.5135873021032 -10.639895006766306
63 558.1889015828549 -11.469700973841023
