0 496.6505567064844 -10.600966049503839
1 628.2300505545829 -14.439886517756582
2 494.59988490298554 -10.621036023790571
3 519.2574410792466 -11.117241853592034
4 550.9900626951729 -11.884626720674389
5 574.2257827187065 -12.28238841969933
6 475.8855514154994 -10.41509208849632
7 523.788533642398 -11.054788948695554
8 619.6106233946327 -13.787844277314326
9 558.0515215061645 -12.178780127769121
10 684.1036794847124 -13.258969262671094
11 507.56641625554954 -11.182587695049572
12 570.648531730092 -11.139335676126821
13 649.1075830413304 -13.425134371158478
14 618.5196309749427 -13.766732981005124
15 582.6563482897769 -11.53960419462016
16 602.3295883788519 -12.55489011271503
17 544.2983025375438 -11.845806321608793
18 503.509685691827 -10.55267286364814
19 619.6256276830741 -12.412288168356776
20 506.0926367148558 -10.866991135598763
21 514.9168502642817 -11.278474173131475
22 548.850636637377 -11.460837723841788
23 536.3985259010371 -11.52366707401808
24 609.5536127334701 -10.847561303240623
25 486.02206306715703 -10.683865637363688
26 494.95046533328974 -10.472828860509615
27 612.4290331429168 -12.091319186586048
28 0 0
29 501.408035534568 -10.483488299352407
30 508.88591251418677 -10.49339682648315
31 543.9033744803196 -11.087639938757949
32 624.6550717762437 -12.997302885682702
33 653.2090003432302 -13.197708243163433
34 528.7779794363219 -11.20869415972193
35 535.7302820169006 -11.41313404304216
36 551.0531957372102 -11.580432078260511
37 634.8702594221943 -13.741599257951016
38 623.9991515017177 -13.307587362206341
39 490.92385078675073 -10.900294626036326
40 613.2794510830157 -13.127936874523312
41 489.0540334184537 -10.045959500552332
42 545.2009360359265 -10.68490203684518
43 578.2459525878164 -11.849711660620803
44 554.0709298076566 -11.625224163133549
45 624.8679484592967 -13.064621779300644
46 568.1059445385706 -11.34968502408487
47 561.7637142710712 -12.209410109121109
48 593.4611049283812 -12.216215084244693
49 612.6534476221868 -13.317996739387665
50 579.3890284878036 -12.243113940525381
51 566.4801980907167 -12.331361544190717
52 556.1254527074877 -11.147688545853478
53 571.5427250694004 -11.942461729525714
54 502.1201512401791 -10.964528148170567
55 548.6383134605616 -11.015270107153345
56 631.034503988097 -12.850432472795875
57 499.04485897301885 -10.126681708631743
58 553.4557707939277 -10.87578208508474
59 606.3122359467848 -12.81047733609397
60 570.9444894416031 -12.521352542868383
61 493.9924470161363 -10.308651492351755
62 614.3154647712794 -12.64637430863815
63 581.1216210568132 -12.001779446105745
