0 529.0963402920402 -11.133983017546452
1 463.69910656596693 -10.56637347497264
2 453.12095008567456 -9.188763908740704
3 526.6678942282064 -11.244147061702844
4 481.50378206428474 -10.446300073708612
5 495.573418174396 -9.987634326671321
6 444.1149415349739 -10.003444543502546
7 508.2503395605636 -11.189460636782924
8 447.8781276430607 -9.40872396168892
9 440.03482476831033 -9.405065754749526
10 388.6617437290447 -8.612398121891204
11 397.34062568975656 -9.01044504490804
12 452.4476341325138 -10.360935725420523
13 455.21247334039174 -9.760868944645901
14 519.6550273544223 -10.870277847182237
15 450.5900991973715 -9.051956139386421
16 484.27160950106065 -10.81782358063211
17 447.5568078741382 -9.771776827555406
18 401.10335449539843 -8.92403946752383
19 418.38638778504884 -8.290432952111528
20 437.4517684743881 -8.756617865721685
21 480.8327046411304 -10.24379795281252
22 455.29507133388427 -10.3190821022207
23 431.6627603942898 -9.75233586001459
24 519.7257664851114 -11.409221482196148
25 454.4171417115617 -9.222470627110834
26 438.3263866188926 -9.6637970310287
27 487.95789215455784 -10.268673016689313
28 531.024079157583 -11.15594267105395
29 567.8154397885943 -11.764130974777727
30 363.58116152707447 -8.411313785902557
31 486.675718991717 -10.665570936876696
32 479.58485748245505 -10.636957198233604
33 442.0268411105682 -9.719659656602936
34 435.8346573199376 -9.212315611070181
35 443.3668684941999 -8.752202101138113
36 441.1148371267471 -9.604405042189553
37 441.1833988257353 -9.892760242548913
38 482.3925396095929 -10.53369913257289
39 447.7631463488505 -9.162181265485032
40 453.1643860251157 -9.507302335345628
41 473.8474534006832 -10.781077485371846
42 461.38078702503253 -9.951988111556812
43 510.7130140126962 -10.304285823988872
44 500.5198179029198 -10.880962703715007
45 439.95760522304704 -9.869741360674093
46 452.5222451135434 -9.634890004383044
47 471.84155127387424 -10.399649537451504
48 430.59124656600557 -9.412831689438185
49 464.20885405194844 -10.262004803322512
50 425.0290948864336 -9.344597054032267
51 416.33388957828873 -9.661124915318812
52 539.431409626327 -11.941450462380244
53 443.10947088721946 -9.87275719877574
54 502.58056286863484 -10.825831617163907
55 504.9870502602486 -11.13247977520139
56 430.91789867339486 -9.67824417010031
57 455.609244989734 -10.265024846162603
58 433.5233901679944 -9.251591286188393
59 485.3819008476869 -10.756250372305798
60 481.0457240591316 -10.499228058861311
61 500.55245437504584 -11.110107084168828
62 448.75877033051535 -9.942605343156439
63 417.921836529227 -9.500650793971385
