0 402.42242162590554 -7.547437448383001
1 483.0785026309114 -10.315512188867181
2 422.3272310629406 -8.521352082823533
3 413.5330597690339 -8.752423574617584
4 410.22162680346554 -8.717823412312853
5 419.43153919596216 -8.717311845259896
6 431.623454999906 -9.04913671275165
7 467.33376652912085 -9.72002284826282
8 397.54176960166626 -8.252685028243773
9 400.8680638227241 -8.625439307143479
10 340.36395471185773 -7.253551221127399
11 418.1837821373014 -8.364696979364854
12 415.4728033791307 -9.213363986348817
13 457.73836714293793 -9.466855004955505
14 360.89918265058026 -7.4803970187773245
15 383.59197184367827 -8.393282686788693
16 416.611243029878 -8.586588301670307
17 392.81967872085085 -8.320679274367238
18 364.2607925112392 -7.9139025829203025
19 369.49907421338526 -8.121609292120917
20 380.62506955909765 -8.028181297975744
21 411.49953572178663 -8.702603531774315
22 421.39738744829157 -8.927791545744931
23 389.6925808833319 -8.151619040890072
24 398.46828722426676 -8.253935705966809
25 405.8058490155323 -8.53677279408192
26 411.2373654206468 -8.473086375228352
27 379.50609134808684 -7.799066497220944
28 402.0028608660864 -7.94248844916937
29 470.6093115716605 -9.324034297637672
30 457.32469633974483 -9.623543377941608
31 378.3889356696392 -7.849630543768845
32 404.36781884448715 -8.385723429080839
33 390.8509678283247 -8.458021003637556
34 492.53772503882476 -9.797470788100458
35 395.77766194125746 -8.057971598258028
36 396.1980044306807 -8.4421260555229
37 468.98845216194644 -9.779002571776866
38 408.18113307863644 -8.32216744676526
39 441.2856425595827 -9.42244839832169
40 399.19547314358454 -8.17633588956246
41 342.856552009365 -7.324492719174996
42 401.0422885734563 -8.190059890035332
43 410.9380929473426 -8.616875091059297
44 468.21588931790535 -9.851265738469126
45 392.24662704380034 -7.946741982829396
46 404.54804582456575 -8.564750850235109
47 431.44317337525905 -8.9154282929549
48 401.6028981618722 -8.245132826786806
49 413.8917568531172 -8.573810592807297
50 354.22187689234534 -7.2115841594335235
51 395.1311720274438 -8.384623620875086
52 420.2367586510081 -8.791730999704951
53 405.7365099591255 -8.676024129763782
54 417.2645215802433 -8.856305487904624
55 440.12843352941707 -8.879097800381924
56 404.5091381021087 -8.276373296781678
57 406.7898321389585 -8.942499883211141
58 401.02286949767466 -8.572875988113173
59 414.3054044570605 -8.88259598550581
60 436.5544209190698 -9.278874007265179
61 426.4398415906576 -8.177664756421391
62 402.8524762972643 -8.705895929287342
63 397.5561695208747 -8.305434100039319
