0 392.9440857521609 -8.347408483099723
1 336.6190283420709 -8.390791594520621
2 371.21649921868215 -8.072755125519315
3 376.93594797692487 -7.487193958017665
4 369.9205592220405 -8.367267578397932
5 420.54440337773576 -8.50782867287106
6 302.1144346285054 -6.724864200958298
7 419.2395528395455 -9.475845779343253
8 292.4404429638787 -6.984682576984063
9 361.45332760672017 -8.332888678320392
10 375.21960034774713 -8.20051292318132
11 406.63821938224044 -8.894757487508514
12 362.6450432417766 -8.375114699043017
13 324.9071294101447 -7.763704576190077
14 353.57243062689514 -7.17255515468778
15 370.0987963941252 -8.445062501942424
16 329.6324566839429 -7.380733403391386
17 368.8872134476267 -8.049802817660517
18 340.88034789720535 -7.786877007828257
19 379.3303576072808 -8.117820586966843
20 401.77337751907106 -8.35511233378429
21 341.68240264916426 -7.451148514961172
22 359.42705460340443 -7.832148926552234
23 334.9208172660696 -7.524048577668351
24 329.25768893401965 -7.580060011194369
25 337.46847553289143 -7.167214366478442
26 289.3029518036467 -6.692625028915742
27 323.2161368559587 -7.802049473118303
28 303.99744877388997 -6.968063593494848
29 363.42593426497655 -8.124226518453867
30 350.53126105501246 -8.142927555402874
31 330.78501292910573 -7.145286222173479
32 402.42238071374027 -9.081016150257893
33 384.44726180661723 -8.480631441621108
34 321.88810474415857 -7.252699099202384
35 340.20384765452445 -7.799826894528748
36 320.89736749361595 -7.2577674815122615
37 419.13253501117737 -9.540749828876661
38 324.4972821211153 -6.860257993581916
39 331.8055849069908 -7.523540167593665
40 392.12496922820895 -8.590535864695406
41 376.5404576102684 -8.213127463854525
42 348.11329902717966 -7.167098924398735
43 364.54605229077583 -7.945333860443264
44 319.487457350858 -7.080651848809398
45 292.5458318344385 -6.983663492099948
46 352.85876312431054 -7.633396572589049
47 336.80016372161 -7.420396737057965
48 338.5931141412825 -7.850114243643595
49 322.98211648433403 -7.325717829979254
50 379.6926068108287 -7.624741677224504
51 388.8309745787054 -8.021906618936963
52 354.184309843128 -7.824230777973967
53 332.2830209722097 -7.163446077153637
54 383.6332511029992 -7.766441450982723
55 320.4911514990996 -7.19331491858296
56 337.30265315466545 -7.6129933535986245
57 370.88580966158446 -8.3024635047526
58 326.5402250540046 -6.582459003492403
59 310.8041028762385 -6.505240223824643
60 359.6162741737802 -7.6039316806534165
61 359.68546554467486 -7.911493124311849
62 328.6130180432218 -7.55081948692201
63 365.84155910086713 -7.899541106634775
