0 505.1285614651177 -11.027670936029773
1 494.3477693580423 -11.343126689699004
2 492.931162111717 -9.642849058324616
3 552.6502145104026 -10.085272137262187
4 454.0539429657761 -9.413623990278317
5 531.3735477034149 -11.017068746394072
6 508.51948687270306 -10.692342156133614
7 489.16955442023203 -10.807750808963828
8 619.6229001586657 -12.464209946635123
9 455.4096626444782 -10.15637789677733
10 453.9302145273772 -9.855064360726466
11 454.71122087380826 -9.394922765370426
12 511.48097735102056 -11.315498041965528
13 496.58662234080543 -10.969889225951054
14 565.9682784759639 -11.772456017493353
15 448.11455200171423 -9.893294991133128
16 499.31596437039354 -10.405960822704776
17 556.9333314357702 -11.958447529586913
18 472.6916814168759 -10.164890618222369
19 457.97607271708586 -10.045075372096468
20 514.6832990167782 -11.220887791789808
21 494.7095163419606 -10.47590747416917
22 483.3290569553405 -11.059722849387951
23 470.7446795890287 -10.448851120326413
24 458.0861904718338 -10.151293339631449
25 518.0335139845361 -10.324246370157056
26 436.22007773337424 -9.58884548925912
27 517.2754845559369 -10.737805304817432
28 483.9779622467681 -10.072002570223654
29 492.53610723893956 -10.5374281835293
30 472.8453778989305 -10.143219163272331
31 551.8657843971378 -11.881348535952407
32 518.3588991741407 -11.138463667151825
33 518.666635903126 -11.116709328177043
34 469.27497966404314 -10.178567323506694
35 474.1443249757227 -10.433248464823773
36 458.80557603203766 -9.819967735395844
37 446.0984488938684 -9.104262994707701
38 428.85746790615144 -9.449980054372212
39 502.51972201852146 -10.419908433740579
40 592.0646145524265 -12.054191518737229
41 535.9841938639189 -11.217604492751175
42 601.9585736800859 -12.644229300428522
43 448.23917684331167 -10.049934772375588
44 472.7673558290316 -10.061386897159611
45 476.3252083762974 -9.991504570534453
46 515.8296805207898 -10.759286085345195
47 544.6673625711904 -12.060237718848008
48 542.8815173862039 -10.927691583135065
49 534.483577466614 -11.792997355005753
50 481.4699594293514 -10.35003015571541
51 574.464789191341 -12.259039418553252
52 558.2280177977581 -11.340939906893293
53 478.1593345315256 -10.218724974508532
54 505.19962114418314 -10.82190777729186
55 516.715057402855 -10.844575239503488
56 500.6757693232519 -10.455016082477076
57 466.0722137773831 -10.189244763875253
58 450.77661967993254 -10.07898933813177
59 455.7689487230628 -10.262570015973521
60 454.4007852793669 -9.607950700110482
61 472.9380120822486 -10.096237885358262
62 516.3176231748151 -10.822640067427226
63 528.7747074653199 -10.911546668941137
