0 449.3798686455787 -8.421080093190676
1 401.50084445147274 -8.866104083914632
2 425.75499508650955 -8.523576722547752
3 453.0388597497676 -9.03278105332149
4 451.7549355702535 -8.786515500497291
5 476.75980930815723 -9.584296883405953
6 390.98896759996245 -7.6954321262568195
7 400.1744813672362 -8.123343457836969
8 454.93708758983826 -8.790833518161575
9 522.7767719160372 -10.28259729093516
10 459.6880883672086 -9.237086349268205
11 403.1533571295603 -8.15587518705819
12 416.79392696026326 -8.811549678034126
13 468.42153875052327 -9.419659072274639
14 479.2925176860309 -9.593925922480281
15 515.1674380943657 -9.861183556467507
16 490.7640338973234 -9.855191218786373
17 390.03096745273 -7.901199032444611
18 391.39626916322953 -7.742386671063114
19 452.2423070732959 -8.874184044178062
20 518.6819448856098 -10.484157697683601
21 413.5802501406559 -8.164935359988595
22 410.2387330278386 -8.121853797221261
23 502.3386375330731 -9.780975109867837
24 426.6122689367469 -8.436816363337872
25 446.40656204072053 -9.083027670268375
26 505.53743351665577 -10.004345181391793
27 485.79470912207205 -9.722540248044455
28 460.6199391787928 -9.042457130025946
29 464.56546195736627 -8.978986988119308
30 466.1926700000633 -9.063852342127268
31 502.67353223804736 -9.991262379076934
32 464.84867312676994 -9.226901588632819
33 372.9287943889217 -7.612111122971451
34 414.41203291533174 -8.216070791946638
35 463.2551702158522 -9.316847825477414
36 468.4442486443599 -9.193419253784194
37 491.84335097093395 -9.377611661326915
38 506.1859630705301 -10.187545862510449
39 497.9934076271828 -9.555760084574967
40 422.7014069278359 -8.175235517809897
41 428.7410677738134 -8.238528296416026
42 378.1230933503365 -7.5366586961486375
43 440.0919833165079 -8.745858837411895
44 438.1057450907579 -8.823577968755535
45 441.13577466103567 -9.07159789204908
46 459.14082121826493 -8.684872159395566
47 446.84025808107185 -8.91112538444204
48 413.49664282225973 -7.860808271438816
49 419.09563401216803 -8.459039716505822
50 434.81045279748844 -8.48845212798533
51 447.7237884924188 -9.098430889923613
52 441.36961690867076 -8.5064210870818
53 430.057402251948 -8.487771698640586
54 496.30574319680983 -9.803803292302621
55 377.1539392402021 -7.603318461611594
56 426.0610801785367 -8.508597169093
57 503.56359836182713 -10.030234136274885
58 469.1901021228549 -9.069092520624713
59 421.3773538432211 -8.26263202079458
60 412.0204119714745 -8.252618374981122
61 461.9137529093969 -9.404502455505419
62 394.29710293117125 -7.878759836734848
63 414.43916177880504 -7.918680749589229
