0 317.31700423355574 -7.331910194093863
1 355.73905486700914 -9.360707948693278
2 404.46089633678133 -9.267611802311263
3 351.904837245862 -8.334631467030725
4 425.47849993269466 -9.728193727199262
5 388.79701304209607 -8.920625418695531
6 362.867753321081 -8.339939878279813
7 361.72859678018773 -8.518895369773588
8 372.07651076941397 -8.721145665255326
9 412.45512924883127 -9.541633078698187
10 318.7965055843672 -7.492169044431499
11 385.20237675404024 -9.102467759893885
12 421.1080401263348 -9.879041779710324
13 348.0546735192704 -7.832152670562997
14 399.4825163844801 -9.296363305927697
15 416.040294484018 -9.75466125864587
16 418.3217302018985 -9.45437805184849
17 371.55430857689726 -8.630029994439338
18 379.4313900264897 -8.417233225754051
19 405.91904655020187 -9.748038270111936
20 377.3623990559257 -8.943481735224577
21 392.54228590878085 -8.700474537406905
22 357.55545457655006 -8.862685774921259
23 324.03179842674473 -8.059163050446301
24 422.37719429404194 -9.83644496521433
25 369.02251655308277 -8.72040526144766
26 384.510690653338 -8.690007782782212
27 356.2910744141762 -8.577087786060321
28 457.659001625096 -10.535291693056733
29 342.1523691531522 -8.034573091488648
30 427.5329907094035 -9.642966213946323
31 455.37068400959697 -10.526395760115898
32 356.9034479408329 -8.282856949733308
33 428.1836112095558 -9.825571506060998
34 364.01451472005823 -8.388052920190644
35 355.4257273799525 -8.491245365211071
36 404.0804483601971 -9.0812345854065
37 368.7141699900532 -8.867307915432578
38 337.0093581618895 -7.940694436554101
39 420.43892186532844 -10.247886039996958
40 413.98144140040284 -9.72217379750084
41 395.0660244161064 -9.272884098866065
42 358.24011132980996 -8.544211097517454
43 390.7101033295257 -9.239429906712308
44 464.71038061660596 -10.467365515792766
45 352.25264396279863 -8.36768483013283
46 325.90592471579697 -7.772678946586042
47 387.1113822730844 -8.88094127590431
48 355.5312351393374 -8.386623750315417
49 364.73693941481235 -8.97006441632976
50 393.6463907152072 -9.16699536819872
51 359.40040108342697 -8.79308614903144
52 330.3700610642922 -7.88128271974748
53 401.85045153386955 -9.268211242318879
54 364.5527791806619 -8.507043410484286
55 401.7281401303647 -9.517182901869138
56 367.34138260559814 -8.680699032514946
57 415.1859828511966 -9.760077392943938
58 414.3568436676423 -9.820149525725471
59 386.40798053258504 -8.999553518664202
60 417.55288226571673 -9.73726605286907
61 379.16150917627596 -8.865433611814757
62 376.9424381347169 -8.750651322231286
63 343.04390657230743 -8.216224413343376
