0 460.60903167536895 -9.171722497429823
1 413.3660853451402 -10.30059176096052
2 496.8814350857951 -10.600599843994837
3 512.8159892740779 -10.080375351500091
4 425.280820938702 -9.039972515951343
5 462.9905784087346 -9.909048964665248
6 435.84304786366374 -9.14382612665466
7 406.08418857580745 -8.61198790270906
8 450.56908151049214 -9.49943187190884
9 413.46543388902137 -8.794137714473884
10 380.8213763873972 -8.466153783279387
11 446.9035459133393 -9.51924135861873
12 453.46282681924174 -10.242688435410669
13 430.7773156404165 -9.588561004740848
14 462.10336474030123 -9.888784385358694
15 422.77348244109703 -9.513223362683691
16 433.81024206867903 -8.43119020507038
17 437.2848308510996 -9.581870426565041
18 526.6983798357675 -11.459772003312636
19 421.47334016284157 -9.288777728480808
20 452.206071001916 -10.005532201822888
21 362.5220851106176 -8.154528029695928
22 467.0946462117529 -9.360070778295718
23 485.7670468734854 -10.302726463474214
24 398.7722015668293 -7.999745598571276
25 537.3327642693264 -11.56011667000297
26 449.61863615261393 -9.894810006064954
27 430.3422228435193 -9.391808139489024
28 467.4850495361458 -9.955765793266448
29 517.3502809691495 -10.755477758025904
30 459.35185282287847 -9.303561096726014
31 464.21939777793085 -9.822249471469757
32 467.07973133483864 -9.805386576040549
33 401.6724475731259 -8.969056370004967
34 397.3704757109724 -8.490762366571033
35 472.7508278055778 -9.802577305427842
36 565.7664367261106 -10.39910776184741
37 466.12156797818056 -9.944109294189783
38 388.543335903534 -8.72221234113996
39 394.3586429909843 -9.097449125750106
40 408.2452691451125 -8.968486447804
41 470.5399783230528 -10.149909913732317
42 434.1640934634709 -9.5594545820298
43 427.0205939849272 -9.203948346008907
44 424.92116967121103 -8.991661582705204
45 434.49208623125185 -8.834406896734707
46 495.94133563610177 -10.425764142973078
47 434.8981921657363 -8.812015715637889
48 411.546418278341 -8.657160752751558
49 445.93841079349 -9.503709927807257
50 407.3601504637436 -8.658215272137511
51 527.0318162375225 -11.040144777038044
52 479.1080236211479 -10.480297319051907
53 496.46166445626903 -10.343684805812918
54 502.0995859437172 -10.12226332874383
55 418.09659062873146 -9.229186360775126
56 495.5284971547376 -9.376022245606705
57 452.1693904849355 -9.852024310898928
58 471.44553165372486 -9.0198934174068
59 454.1498778564994 -9.653309882850397
60 430.57693795723964 -9.487693786764721
61 383.1063432654392 -8.42716437917898
62 427.0754873450522 -9.274037038344488
63 455.8074087242774 -9.287918074682084
