0 419.8711986111093 -10.818581279010257
1 437.55004662576005 -12.929557804993937
2 406.2849602841123 -10.74385571491214
3 434.2735797859787 -10.885450326161209
4 456.36748248368446 -11.7750763533489
5 401.31396072446387 -10.406728423860672
6 404.7996320812842 -10.734421626416314
7 363.43545704839215 -9.461485232798482
8 442.2846919526671 -11.623713627704435
9 441.8860389087775 -11.485312428909717
10 389.00824355664423 -9.886075530662097
11 437.0870054356499 -11.21316952776241
12 431.4966049990481 -11.636965474195366
13 388.57020504945535 -9.982834020669305
14 557.2026227032871 -14.211901196001447
15 457.65071833405653 -12.111729431434812
16 438.0952431111901 -11.058283550275661
17 352.2408568533719 -9.471183964314042
18 428.6590373656314 -11.116616500370005
19 525.9701280010293 -13.468548823704674
20 417.3464619584253 -11.069779672443756
21 452.649606582385 -11.944776211613144
22 387.0475436800923 -10.037243302002253
23 454.32626150211286 -11.419276613411347
24 402.3988082035744 -10.631429738265041
25 413.7197738150625 -10.973477215542673
26 441.3272461709159 -11.354087123101543
27 439.0229236133965 -11.099317530316348
28 443.34947420956485 -10.66764557631059
29 368.3440299936582 -9.659904915531362
30 435.5105883576505 -10.984172644135535
31 355.7765970065482 -9.181026765813034
32 449.93521789619035 -11.382508453374285
33 437.3367522264144 -10.961806495879904
34 381.55865148672524 -9.58225448399774
35 402.8163109443156 -10.366078900428949
36 442.58188584929826 -11.086825484677643
37 379.0254920001327 -9.987804028337882
38 390.59105938932225 -9.931622238407213
39 456.63256728456787 -11.43558736058701
40 368.75918018066363 -9.263685279952893
41 422.5524673684447 -10.922324693423292
42 443.29372877556636 -11.523116471550258
43 359.6259270869507 -9.242274785757498
44 460.8816169688634 -11.053018442701706
45 376.07529729595285 -9.916437455591627
46 326.78061887625057 -8.515495174593022
47 394.5575257732258 -10.27408885405306
48 449.11301286753115 -11.205426035256387
49 410.5497348312918 -10.38906982259276
50 379.36549529343597 -9.826430342619721
51 420.33578385082245 -10.794456956949018
52 351.95478706490286 -8.890832055680418
53 502.05517302796164 -13.0382527780807
54 450.0550776778904 -11.193812737690969
55 446.94115802541216 -10.86981585643988
56 461.62928528670733 -11.688816607944815
57 430.09336950771217 -11.323523612915874
58 424.82571646167526 -10.710111007408331
59 381.56317834532155 -10.051851872101793
60 407.0929796061805 -10.378410732942971
61 409.6492777094587 -10.765672248761705
62 491.0649965547989 -12.618501071628275
63 497.8496484234612 -12.439185854667796
