0 412.1256095382709 -8.22305407377314
1 411.43940465591925 -9.49689176316081
2 510.7730040563746 -8.328955833420418
3 408.88722698751866 -9.055380037913242
4 430.9386388433729 -8.950476140096983
5 408.49221977229035 -8.736767576173843
6 396.0814760457642 -8.461774016820877
7 365.7848671700059 -8.346374398485004
8 399.0862519183633 -8.285406134232767
9 342.5246208799296 -7.5551754054705516
10 377.6897452449545 -7.639272883500351
11 414.2117264331978 -9.101718404629066
12 371.68044472175154 -8.46526969840693
13 375.50128076644256 -8.257915730388044
14 416.55740793192774 -8.810509801332753
15 373.57841920168846 -8.198408607852615
16 501.63975319732117 -8.553727746456994
17 338.6307262232614 -7.526146048420547
18 378.60541972832283 -7.998981799987639
19 489.35273060539345 -8.83293175019368
20 349.0927840189802 -7.714468144316773
21 462.89675323844125 -9.289212605959415
22 421.8697773812485 -9.15171911534767
23 394.28298289615 -8.444136851195537
24 444.2745593019165 -8.944789235091212
25 417.59640265118156 -9.24947475124969
26 397.23370495907284 -8.55846536095488
27 384.60374271576774 -8.507351027270122
28 391.837040381484 -8.235932939124856
29 468.67338861423866 -9.192332497839677
30 383.6442594527184 -8.048469702537554
31 366.7915566838944 -7.627820534194939
32 397.8441450124858 -8.364086648754238
33 421.20430106109757 -8.281051526817981
34 359.90434802474545 -7.868279788812076
35 339.7853786306543 -7.458135717162582
36 387.0137730142618 -7.855323751935584
37 581.5070377045218 -7.936843247716583
38 448.5629623397383 -8.532123635643051
39 444.047168853111 -7.540096449459137
40 420.44528875679146 -8.573142634362721
41 318.0566463727619 -7.040033652421002
42 442.1982398700721 -9.176476540108693
43 375.4344083275266 -8.302086663322346
44 385.9123484916526 -8.439805030770053
45 393.520634255877 -8.712467108966953
46 338.1769606185146 -7.032494278843703
47 358.94121288130947 -7.817236867235021
48 432.15513563378437 -8.987485086422414
49 410.38225575726676 -8.476980487545573
50 365.39556595305066 -7.763891558224138
51 414.66029987008665 -8.719848885625607
52 368.18111071833897 -8.320499437395139
53 421.65544790948576 -8.856644482491728
54 319.62272989681037 -7.174729235066267
55 724.5336842472825 -8.860932322922661
56 402.81142601955526 -8.966381933190855
57 407.52419654415934 -9.257538681784451
58 423.3708228707905 -8.764767111964147
59 407.68532934484176 -8.963078854952387
60 400.7013002520387 -8.376625172766753
61 355.6750338648867 -8.145858914368677
62 369.33588210889724 -7.862288675328368
63 415.8401285148204 -8.38770970298343
