0 436.52878133722106 -11.353698464166774
1 459.3266040778216 -13.106317634336996
2 428.70573570112487 -11.31340098851528
3 440.1606532847003 -11.822180041231869
4 387.6895848412463 -10.320940570765536
5 451.0727991972357 -12.020359360161455
6 503.9702339390395 -13.266864383851114
7 452.9579924427541 -11.899932716588356
8 475.2405352175668 -11.960567946079113
9 457.1725857018297 -12.21310373665148
10 478.9996718773784 -12.403700416428894
11 456.4371214003579 -11.796635934595171
12 423.8132535254549 -11.45190285075641
13 435.324872262921 -11.391859572969343
14 467.3117448652 -11.90798732911731
15 518.8171001740869 -13.374547993888676
16 449.3874312057109 -11.643130691369498
17 430.3581735126379 -11.004285294294784
18 480.55063005733234 -12.440663163293042
19 378.9337765034968 -10.232376059384586
20 434.79684933467456 -11.768329218688049
21 487.7352810932156 -12.65814802619295
22 450.08048436112483 -11.65792396185818
23 462.442857150288 -12.020979490062146
24 453.22853596312353 -11.688347702916078
25 497.2600347464815 -12.725562571491244
26 387.24633650263115 -10.125316721282626
27 508.10575912254825 -13.133390940452008
28 501.0313443722846 -12.82409584619491
29 483.6540876841354 -12.265869028078868
30 532.5182887826777 -13.456422163263808
31 466.5954652100277 -12.11653399731331
32 469.6325799670955 -12.282667626045107
33 453.39631051235546 -11.843909466521533
34 394.91318155040256 -10.276260775211627
35 415.88835140570916 -11.063958121018612
36 458.2835954097713 -11.680301572030352
37 490.8170522400081 -12.512598212036686
38 395.108275010016 -10.810855482511114
39 435.308064871398 -11.61883508066682
40 476.36791221192453 -12.637630063547606
41 480.4387911977734 -12.96351120672533
42 453.2464109376989 -11.819298469831926
43 381.07643730517026 -10.143626245758435
44 431.4057638437913 -11.443265046721233
45 396.4067139519882 -10.453233208678745
46 507.7043035792031 -13.444644799527737
47 452.83232133081793 -11.623241533712802
48 518.1824951239477 -13.792811299862024
49 501.0976891112255 -12.892333239122367
50 476.2274262466371 -11.890714659629328
51 445.99152311882455 -11.310941020981048
52 399.18482294574954 -10.410443275777096
53 424.1375365286897 -11.349088017379712
54 496.6055503204238 -12.817144057518945
55 516.2055484166385 -13.510632946442726
56 467.0239076151736 -11.886543342018978
57 496.1481970572411 -12.982541782237153
58 445.13248325622317 -11.821113777106376
59 521.0929857443878 -12.919536594219137
60 452.57303444141803 -11.6013354394598
61 434.07385414914444 -11.57215863552918
62 482.7038392142144 -12.735638274146478
63 440.145276920754 -11.124959758155168
