0 620.0863163159772 -11.52118491729344
1 625.4567829077562 -12.562228497394514
2 598.9131308146495 -11.430998148471813
3 585.1841441726867 -11.086542280060552
4 667.4418133367083 -12.201626860369453
5 555.6235129578442 -10.738159020477042
6 586.5328259113681 -10.42718156625022
7 601.5866307206572 -10.453639032643778
8 638.6986596856025 -11.423667009805117
9 553.5974048375607 -10.410025458493068
10 616.3883659138713 -11.257946357479307
11 666.819542629361 -11.768240668077388
12 650.7505990915902 -12.052681692748147
13 592.9348451294695 -11.40190765990262
14 606.9146922993317 -11.352249659682101
15 573.630532158656 -10.536228067164403
16 663.3957935390325 -12.685391319152549
17 543.5767230087932 -9.788345982727886
18 657.0565028870033 -12.37052669497459
19 601.9031309892137 -11.039334366984534
20 584.0165724355256 -10.997570254627721
21 715.587147086174 -13.7914700119141
22 620.0320018007156 -11.39362721237855
23 668.7316644959067 -12.28435573722757
24 571.3281293922329 -10.164712699840784
25 590.8245281008582 -10.49331537160772
26 646.6133390539879 -11.98883585147203
27 679.7209995049388 -12.54505522241087
28 589.8564078407403 -10.5071691464425
29 617.7642351759125 -11.447994684560664
30 671.4738892001476 -12.548031656045056
31 668.5274163201681 -12.500151438814354
32 576.0818170315488 -10.918200103278766
33 632.6548922115547 -11.563623745394993
34 621.4576199514601 -11.609005263234897
35 596.6171197548761 -11.112971798254364
36 662.7379516162564 -12.202879127694764
37 496.8975448108272 -9.654200383123488
38 597.2838528998619 -11.498342742119572
39 615.4009296017896 -11.143169800141251
40 585.8340364890106 -10.694403842483274
41 752.3241629193299 -13.839623004646224
42 699.4604377675183 -13.28808878764203
43 659.5299391435283 -12.131673561117116
44 567.4628433042376 -10.215216863229086
45 627.8055152977959 -11.638685938448804
46 616.4075380262965 -11.531952189430768
47 679.5187312975545 -12.675698376169354
48 597.7469885290526 -11.328588190381115
49 606.2093302048752 -11.640789755041645
50 604.3550178257073 -11.140762114093352
51 653.0954860178473 -11.355517115728627
52 647.68708845473 -11.896747883697543
53 679.0563866573349 -12.02162900160605
54 618.8788236786692 -11.642188959200018
55 653.6897511162329 -12.433023415789659
56 641.3256936315998 -11.535783577774101
57 573.2247859126173 -10.362231023587869
58 673.8198443107854 -12.201801287496162
59 553.8580533861369 -10.273921487758875
60 587.8257595829594 -10.949423646336555
61 580.6450910985772 -9.732919172698878
62 598.5117046232158 -11.12519710211866
63 584.2423393817174 -10.996603064656838
