0 592.9842491612378 -13.835968460418195
1 574.8685013512659 -14.110612541499094
2 481.9561119310706 -11.03564659651303
3 530.8035493445583 -11.895718765568112
4 501.52451429316363 -11.557543499654656
5 481.34209331411364 -11.275448507693454
6 515.4955095497775 -12.037244559062003
7 675.5115269757464 -14.802462615192624
8 584.2905073728555 -13.292634147818033
9 553.3333941059798 -12.596423480858135
10 619.2812619158656 -13.92672656480489
11 513.5963141947844 -11.872208485605903
12 553.679669628616 -13.611634916494992
13 559.9325023800127 -12.293154191249531
14 598.4365985711428 -12.658508510141859
15 643.6917632147658 -14.816378831120192
16 596.8915441046623 -13.656854930547908
17 635.1692801302061 -15.050983582393373
18 553.9594135500894 -13.143453125676237
19 580.1810553279339 -12.643546823341161
20 543.4907311932355 -12.62899418809756
21 523.2062106459997 -12.409679766360782
22 600.6043593696032 -13.484676216070529
23 583.5008619852362 -13.97658615478862
24 618.9011737408359 -11.789545210612813
25 753.8728962774738 -14.713910343125573
26 765.8030971409166 -17.06478452671167
27 514.4721262461647 -12.355664629798179
28 530.6434279709712 -11.361851093167092
29 578.9780053467101 -13.074506137284834
30 572.2867264465601 -12.98472100208814
31 568.2176741540186 -13.277635221252195
32 598.5467520956031 -12.507196899030012
33 535.8763126220422 -11.835656240100981
34 696.4939810427945 -15.126636140272666
35 561.9664601999082 -13.127956953634348
36 566.7235659617523 -12.375097928412833
37 551.6421088401472 -12.779494047380705
38 518.3756111137344 -11.659193247998024
39 628.252364844525 -13.99735716334301
40 570.9133699311376 -13.155510208235071
41 566.5306860622463 -13.308503274116308
42 552.3026390608251 -12.878312662595897
43 532.3559336117222 -12.320156450472279
44 599.9646967144082 -13.022982972742534
45 526.1074059799121 -11.844442166057346
46 619.7922816886231 -13.950744005378956
47 598.7547888662173 -13.735037388333751
48 632.4340273838144 -13.713890943276988
49 599.9322912993778 -14.110632272059286
50 517.6183471401737 -11.450144394789305
51 619.8578342057501 -13.545798413459737
52 562.1857042451544 -12.690035834572246
53 508.1799959392624 -11.504923647667125
54 646.386776654193 -14.097911482388797
55 545.5815039804047 -12.45863287399885
56 627.8738127035379 -13.53769891386273
57 539.1435779092121 -12.253914501846772
58 582.6240707415102 -13.116290064568974
59 525.3431952879062 -11.6660620181861
60 681.8755266786249 -15.094022791325061
61 597.9733460960133 -13.060876108782692
62 588.5395856317673 -13.388804762322614
63 570.2740847502638 -12.49109003717004
