0 511.69372814332576 -11.282795730910806
1 400.87774187304905 -10.36511120446173
2 425.3602342623284 -9.44614140136537
3 395.41262192328696 -9.148765014792218
4 499.0224636634032 -10.99895552710344
5 473.23278172828964 -10.828774263112008
6 402.6235442475733 -8.981489731013284
7 405.2828943295132 -9.348218114450908
8 408.9551437318339 -9.121463040774753
9 441.852738480262 -10.110614176230321
10 400.2675859567043 -8.804334357271156
11 419.5319895470294 -9.552634329634683
12 427.79148532437694 -9.753475210718179
13 419.6079505079046 -9.285247563171678
14 436.12519753606153 -9.511782563397125
15 455.0488020887711 -10.2167879329926
16 480.9841414610371 -10.700984202790957
17 509.06311214587004 -11.205001099513483
18 486.3600910365606 -10.89530900550887
19 520.3523790888313 -11.300470586066186
20 486.3419676854685 -10.979891974566883
21 423.2069852470138 -9.687711961508743
22 474.7028496697934 -10.237333570603676
23 398.3780526870208 -9.19456023750439
24 486.26295006963403 -10.716236972185255
25 495.4070893478745 -11.085047403187772
26 406.25532309823865 -9.102552920449844
27 486.81095204120123 -10.968841262696541
28 441.291551969968 -9.395210628994047
29 465.12775882999756 -10.484767806298045
30 420.0385423274254 -9.552917519111285
31 472.9779407594816 -10.671617688097758
32 459.77404831016145 -10.369303327600473
33 359.22938584480335 -8.467408631210873
34 449.35215034748256 -9.976779952498406
35 439.27185446992854 -9.81939825813194
36 487.4430898155118 -10.850284410366319
37 451.32519230175325 -10.131531048302502
38 455.9255406213971 -10.324691905992388
39 397.7624961430103 -9.099414026031843
40 436.90726234032877 -9.43990884073099
41 394.7165134245758 -9.26758760155343
42 432.34459089337935 -9.535270812109244
43 484.60455207134663 -10.61832839224298
44 451.0012557138802 -9.913937790088948
45 487.68356874242215 -10.913793205822477
46 438.8360320573036 -9.781449729255424
47 402.3155692576855 -9.102426277223444
48 492.1995595899426 -10.94665281057514
49 505.86610529639324 -11.344920824280138
50 500.34023169931555 -10.973664231063719
51 451.81868662402553 -10.4744405639978
52 384.3681341796838 -8.819219503312345
53 408.4199603741507 -9.310239861138719
54 504.85981599444295 -10.96804093254421
55 434.10665585966893 -9.9110353175552
56 441.14744305009077 -9.708228759235388
57 461.7368394912085 -10.098092984946517
58 433.1798696278211 -9.472292571577665
59 467.9286856563344 -10.247026556358513
60 496.90031978843666 -10.559439227951126
61 385.8061633209621 -8.656236339757017
62 437.52840232162947 -9.927932467617083
63 524.1382220045109 -11.466929378490109
