0 442.48919691505455 -10.178369347741908
1 454.0640697291426 -12.254674983840951
2 490.30299729276624 -11.641801975575369
3 448.844789820576 -10.775420387307413
4 475.50049431051895 -11.636077785753695
5 414.1902641301748 -10.249971488556177
6 489.7257742944534 -11.580407299264815
7 428.5405118415563 -10.458241174353699
8 565.8797192366089 -12.495360516637879
9 470.1172458321116 -11.208721518282424
10 424.08759975223415 -10.038643811071363
11 398.75721868228305 -9.46777180375239
12 430.2798518184707 -10.98139974731102
13 415.42287611756296 -9.966405828437628
14 491.79616845114447 -11.743282254674849
15 427.3387115845608 -10.526476289162478
16 469.5515586291421 -11.256581067486804
17 455.72996276901495 -11.213054789711256
18 485.35571386603027 -11.494467363643258
19 471.8353158496553 -10.509966960500932
20 401.7820660136584 -10.077346002604813
21 440.1976017370374 -10.621615373010144
22 371.76742103886454 -9.348293835320465
23 473.5140348329925 -11.03596555088844
24 449.11008202839406 -10.551494776619473
25 426.0896368973621 -10.587969980540176
26 446.5241139983917 -10.749150319295131
27 460.3541645021007 -10.61050101974849
28 441.23710112370435 -10.266329901687737
29 423.4100208971334 -10.032484123899199
30 490.55889848640805 -11.665743952919552
31 475.1576811003356 -11.297153421878457
32 472.2256559682604 -10.97768617486864
33 493.08738428635894 -11.89661821791229
34 459.6528761593405 -11.188998135951246
35 430.28738863674437 -10.366701959028248
36 465.85917522308694 -11.19345884805351
37 428.9949580679506 -10.126858717723316
38 441.13058297146415 -10.66030754222979
39 420.5657794748071 -9.889899625006063
40 474.4024468906353 -11.324418254145098
41 463.3369990453877 -10.54811513035406
42 459.18964163418485 -10.722184397646895
43 409.12655394535506 -9.504282048538123
44 395.70209774221166 -9.379995102406824
45 437.08868835055927 -11.038034896206044
46 393.6048396197221 -9.549233454972798
47 437.31541648980584 -10.765708825091819
48 394.7658694946909 -9.217620694884817
49 461.588806267752 -11.092420992564744
50 480.80209839632175 -11.07602959631984
51 431.6570411044231 -10.301625869136142
52 514.3799023611087 -10.994380978285673
53 486.0182911200341 -11.314381901446554
54 454.7598043264858 -10.558085373042475
55 478.42599050732485 -11.466275150326343
56 453.5714051447899 -10.470855307248286
57 434.3960555640746 -10.264028624016685
58 443.30579609753676 -10.774941479359857
59 400.77995895789286 -9.787741896190989
60 428.9724549797064 -10.213085884221941
61 492.20490226549344 -11.330287031396566
62 430.59204127453086 -10.288198439684496
63 431.2931931207024 -10.044756735518666
