0 610.6188361622966 -11.651854229729409
1 639.1781589490868 -12.899740971808033
2 513.0319241702363 -9.48570091787884
3 537.3142197438075 -9.976772459637976
4 611.6975495294485 -11.184820899845336
5 588.5672538398362 -11.04255310585039
6 560.6649829461015 -10.399235919579674
7 522.7089433236296 -9.512577058042154
8 601.4259724021572 -11.101840368743632
9 602.7087311920928 -10.958875591141366
10 517.7145501601076 -9.351933610395639
11 572.7822230555382 -10.47531534736389
12 536.8298829226623 -10.293523970939791
13 544.5668471874388 -10.112565632730776
14 578.0766325306361 -10.362561109405894
15 540.0769143014811 -9.951525917936264
16 547.4549645621071 -9.920095114656002
17 540.9701210932955 -10.11897835178052
18 535.2049256882383 -9.983505801271203
19 559.2430980365215 -10.063874587759416
20 568.4718754479018 -11.115748281636986
21 560.2769888062966 -10.383342227430267
22 561.0734822903455 -10.578604076299369
23 551.6344756568402 -10.251035858480849
24 561.5862433053472 -10.12044576611595
25 570.3423419784606 -10.337875154754297
26 601.2568898694426 -11.168830041051386
27 605.8028933816245 -11.010493071682188
28 570.4529643062332 -10.228574909411096
29 577.0978700170259 -10.417945501700641
30 634.2889327372936 -11.29441015030969
31 537.9873699148465 -10.06573979266526
32 616.2833564086545 -11.148239959436067
33 525.0439696353677 -9.568000218767217
34 598.7045881619517 -10.674623111418585
35 548.4542855659123 -10.318267870019472
36 560.7038256628451 -9.953738427842923
37 630.1908799083466 -11.661664849292992
38 601.7233391667602 -11.27688842656605
39 546.8551939695352 -10.07025777587647
40 658.1323927154799 -11.884480878564025
41 596.7999620091816 -10.953691899923967
42 533.1005403453373 -9.8916140788578
43 547.7940742595946 -10.10308884541881
44 570.3246475623798 -10.547339970624488
45 576.3212257053685 -10.730939963723355
46 531.8491700388932 -9.84008135695059
47 576.7220942353256 -10.831691176647382
48 677.5766369487848 -12.400770894122019
49 591.1178944558267 -10.52859469723038
50 550.6787802630179 -10.117115688478629
51 554.1838900982838 -10.152419357401165
52 564.4400378391612 -10.258686831871907
53 512.700219399943 -9.740399223277477
54 525.685254477207 -9.54461527948529
55 645.5724964337833 -12.076255337176535
56 609.3486222794361 -10.99272661119894
57 484.070075823849 -8.974744604074992
58 611.7889416333413 -11.270822666652776
59 698.2800304116616 -12.684666431593522
60 613.2671099943137 -10.820237848350125
61 567.4854154180389 -10.531229747151023
62 579.6802619556955 -10.580373026166269
63 632.7535625958783 -11.3276266603415
