0 486.464740037258 -10.524994232189943
1 486.9587103298446 -11.731797945930827
2 399.0276024874989 -8.929678442680618
3 464.4517157973034 -10.113477746718083
4 477.11531418505723 -10.57794005322219
5 478.0549205836165 -10.565068451466637
6 497.9368430526592 -10.78479976078754
7 434.88716583914623 -9.826621230499809
8 448.44417862825327 -9.917247449572386
9 434.76658245330407 -9.678546563604664
10 402.7311103798442 -8.79375918732242
11 421.32732463292183 -9.212976034833666
12 430.6535220200107 -9.892827286070693
13 442.2290577941093 -9.915578198027912
14 525.6285252026739 -11.575039844984971
15 504.4085677875036 -11.576114779251569
16 443.22016593174004 -9.719279102291992
17 416.67622610486563 -9.230667849192146
18 477.03455115124495 -10.334143922495148
19 495.46008088208544 -11.131099977315243
20 495.17745188541033 -11.044759447018357
21 500.26998184370575 -10.986650344832176
22 443.9447041585834 -9.758046812012411
23 465.2933967134333 -10.292065784900553
24 467.82340566596287 -10.158059708666404
25 407.7888127683764 -9.290816461830502
26 448.23350467605064 -9.88382837349079
27 421.08712468435976 -9.338761150722007
28 434.71270680854263 -9.907227204459842
29 457.74539076502447 -9.99692076901253
30 459.00284705009267 -10.016184382211147
31 445.6064458707658 -9.759369171931311
32 487.758392778804 -10.30573782601976
33 425.92176151590024 -9.56933499934103
34 456.3228544835495 -10.004646054706232
35 455.5484232371837 -10.045915417469256
36 552.9735096923572 -11.862138463836693
37 522.3560902298158 -11.306698355889523
38 459.0399427687026 -9.709398155331527
39 435.45167382376826 -9.758159136627183
40 455.83940659144963 -9.927102648467413
41 471.55062311988723 -10.25698079147205
42 545.9505434129272 -11.834354870607571
43 451.63295313104385 -10.338179636242705
44 444.71857213370464 -9.848747195589166
45 476.890629706984 -10.61106595672202
46 427.3774738436487 -9.41111350703724
47 459.8664025881838 -10.231184334788084
48 427.67613767725726 -9.25247055269547
49 443.7648758475141 -9.83474825477409
50 455.92911258527465 -9.92967346223092
51 483.5717681120825 -10.67144790769966
52 502.29014329997574 -11.014149324155673
53 424.70933699198406 -9.471990673415402
54 504.10762248710205 -10.822579928093186
55 481.7172801646452 -10.41301803900778
56 561.0166761299802 -11.8573393825885
57 552.25792989606 -11.92424420158051
58 487.97577241019695 -10.698893665720602
59 425.0004839959138 -9.36250335240835
60 494.3746590761558 -10.8149939930515
61 429.8698467015699 -9.554709474134864
62 404.9442695993942 -8.992657536596672
63 397.30140760956857 -8.607032895620842
