0 362.0631030013754 -7.65973434011012
1 420.3180233847414 -9.561295857524469
2 405.262152565935 -9.012414572767527
3 420.8244269192237 -8.99753672320828
4 377.8284873885292 -8.15153473770584
5 397.47827677130897 -8.514103459394887
6 417.1032741709277 -8.856572609997949
7 391.113766391885 -7.675583038157557
8 469.0915829305755 -9.770915885898072
9 378.160283581554 -8.42256219063237
10 418.6529774182502 -9.062708779345641
11 476.25219039361696 -9.623312636210736
12 458.1707753541552 -9.524250442110272
13 378.90189399247316 -7.689608191230563
14 386.5164330854076 -8.15526493224745
15 412.66908024862335 -8.950826789839903
16 372.8069295870426 -8.10599076068693
17 515.6695239330874 -9.717093814751433
18 456.3641201812609 -8.14171953249949
19 366.5479385962228 -8.13788026037458
20 439.25477132144977 -9.635427726637174
21 371.81177092312134 -8.048607929916527
22 357.31052850771334 -7.814240574322428
23 402.11464688485773 -8.685298595427897
24 356.8553994566527 -7.769394079465693
25 401.26267213770797 -8.290369047185434
26 418.11385721298956 -8.464262556090151
27 439.3604876272384 -8.739159596219082
28 478.37891848232954 -9.889024869062917
29 412.6939173414965 -8.822503073526523
30 425.3163243896458 -9.26752018878929
31 450.309822937067 -9.488675905729952
32 371.66276033093214 -7.854860525934283
33 342.44271776783773 -6.977750176002405
34 0 0
35 360.9939409130614 -8.025453974383074
36 427.2065226007556 -8.134837020529858
37 417.2422306779658 -9.216903922686448
38 383.9915247451752 -7.812648733717381
39 444.54195952439545 -9.439756233165511
40 444.3804193701777 -9.317932416768905
41 444.1546825276093 -9.340817332806857
42 407.4157565271144 -8.807892713149325
43 415.1762614827591 -8.500663454702934
44 392.90532291812923 -8.432524739540089
45 378.96879932954016 -8.241811088195899
46 388.52214032793273 -8.160462961694709
47 333.0752170772631 -7.043560529468431
48 395.5733467700051 -8.414028374384257
49 417.09240982838924 -8.340403243577503
50 450.28098037750084 -8.399422269656199
51 424.5653503047396 -9.05945934682583
52 397.50191846199544 -8.235454743781435
53 423.85536401721583 -8.327486401422538
54 468.57615869790084 -9.509344396241039
55 398.4170875316045 -8.249916356000226
56 418.4449033254403 -8.099189721264374
57 485.1158175317678 -8.197560903684783
58 368.0322673040302 -7.86739491005889
59 452.9767362995362 -9.524484549895712
60 451.4088049819099 -9.127122344448615
61 455.6028758122691 -8.513577313725822
62 400.36023231846013 -8.74196837629441
63 379.142792686389 -8.090012695516558
