0 502.66966659523945 -12.149353959473943
1 553.0797479132988 -14.731242188701287
2 445.92150394272375 -10.942766480300008
3 422.7046172907397 -10.600499702834767
4 469.8444209524152 -11.513838987470624
5 435.4842374268837 -11.046170228397388
6 434.2022249411137 -10.904229141593575
7 441.7912657088514 -11.096891543496922
8 411.3757277470383 -10.22836081450122
9 420.60629605617163 -10.505010213478604
10 445.4934281875761 -10.867644698594534
11 436.0916282938559 -11.005078683051995
12 465.21795326771377 -12.173336279592876
13 458.88722471002245 -11.775981686731752
14 451.52707590504355 -10.91940428908214
15 485.40397376073685 -12.062540864941463
16 412.6861237527385 -10.380233687858356
17 412.81628421872017 -10.235957700081903
18 443.64568112865237 -10.955480741812309
19 451.40863829104563 -11.080998709651423
20 409.9984612887585 -10.326989954391399
21 398.2642056659252 -10.263026266837944
22 502.73611194893886 -12.152766201247637
23 434.35648370137733 -10.527833813319416
24 472.9895418211635 -11.587595308670975
25 487.5753292780166 -12.059825798585114
26 425.9472203780817 -10.370197873344475
27 452.87919112748216 -11.549265980289423
28 440.51545890619116 -10.852912853191237
29 466.4995799481953 -11.327540594428113
30 515.9968507067435 -12.724080691337461
31 484.46169628818353 -11.664609427727106
32 421.3718718568954 -10.415142079127694
33 418.9188434811555 -10.295024965430766
34 431.12991472967144 -10.529540369252627
35 409.7655435398992 -10.491013146221949
36 436.1350399302588 -10.928498281750263
37 407.42022182806505 -10.259940321740697
38 442.39656278772804 -11.172642655218256
39 393.06351255703765 -10.091147264094676
40 417.4821823648344 -10.288535564005283
41 467.732199371085 -10.986398511173938
42 495.7540003176067 -12.169368514816533
43 405.6048605841 -9.949298817260896
44 430.4717309037609 -10.926536679538888
45 441.39148949619505 -10.924930371913543
46 391.3556122600985 -9.871022908817313
47 386.8163428451969 -9.528257440805922
48 417.84190700689857 -9.986742697103397
49 447.76978980854057 -11.150020543467019
50 443.4766792000706 -10.89510664290748
51 468.76063472447095 -11.723509809686917
52 460.53142152732005 -11.159404720188473
53 404.16852198291747 -10.008015971002276
54 436.1481177508552 -10.825271566767213
55 432.7410743367444 -10.782651428340236
56 448.50960866092584 -11.157893078121614
57 385.07386603329746 -9.744778775524708
58 450.00449188909073 -11.092815075276391
59 403.6786174176079 -10.190822328033901
60 421.1382216889315 -10.25544951707978
61 451.4472154263607 -11.251736185766314
62 407.69969241389526 -10.29487898835053
63 391.29345592709865 -9.282784031880057
