0 434.4523707000459 -8.644050288974057
1 553.9041812811392 -12.793653995696708
2 577.0931189627809 -11.966357750266056
3 528.1111451517833 -10.718287660661058
4 500.40265228356685 -10.552577458574639
5 541.6232629613769 -11.396733618511485
6 529.7260247620728 -11.197836317249669
7 448.22734013900373 -9.633328534694469
8 570.1352510979086 -12.028739058788855
9 540.6351951131388 -11.739920898133834
10 548.4581256418684 -11.25778590634613
11 494.1404041477294 -10.555383348100838
12 452.06448400947795 -10.052713884228808
13 421.19629627263265 -8.749606129777899
14 560.8130986512059 -11.489426445304538
15 496.1082104206243 -10.187010006288553
16 617.6610846956162 -12.842006616380237
17 530.236138471146 -11.116695702498605
18 591.6829124034973 -12.097104922532754
19 541.1434491421991 -11.77632302308956
20 478.27810738471186 -10.229905516320452
21 578.102002614345 -11.730204241527748
22 477.31237745488573 -9.730144847264583
23 514.9742874305675 -11.216470584862083
24 543.0913723395523 -10.881173900319686
25 479.38414880303895 -10.424476600437696
26 459.0061697356447 -9.724864507543026
27 523.3919532709351 -10.597237051557473
28 448.5955890733822 -9.496375694994649
29 522.0047556883128 -10.808417134565778
30 497.0551530038183 -10.51132532624311
31 546.1764420365143 -11.331057932818405
32 515.8199475698434 -9.964312234712398
33 500.4697688186825 -10.592126932646078
34 561.1986206666382 -11.91898567235228
35 512.8763175456438 -10.529014353790684
36 650.0619661913008 -13.061074231942316
37 471.6299229677842 -9.792900410819671
38 579.5598337513467 -11.445990482211329
39 567.4677557011883 -11.918769463157382
40 564.6346156016964 -11.991844186806583
41 519.3751315385819 -10.663489488117136
42 457.14253187221607 -9.536671863384894
43 541.3827773758734 -11.129143571648175
44 441.18375622373327 -9.15788904410729
45 502.96214245974176 -10.928155632141484
46 488.3268640070499 -10.450762088244941
47 640.7187893514557 -12.610923127765727
48 509.538223844662 -10.451544625534288
49 467.7588735042078 -9.946853024631597
50 491.0774860471666 -10.284209304997958
51 510.4133356041259 -10.485331813725182
52 573.515487799648 -11.511513381411765
53 544.6274709548375 -10.666552209637171
54 461.9463547977157 -9.749259468117058
55 638.0956899305409 -12.226591760540124
56 518.3683715475872 -10.425895566525151
57 481.6314283967359 -9.50881217129164
58 532.0017636950406 -10.776882116528402
59 537.704041498779 -11.19383892529443
60 557.1531658883629 -10.700611077998893
61 534.5471042861002 -11.082025920242824
62 515.7795919096105 -10.750951494885745
63 492.5622878677602 -10.196987212460986
