0 369.1444833010009 -8.191050992121454
1 408.9609778985289 -9.213508508082528
2 359.63992982849663 -8.097391523172764
3 402.5810191679742 -8.895178169726735
4 452.0409008479415 -9.504036251412352
5 382.56741488583293 -8.48022500168028
6 410.75848665070043 -8.491574539881107
7 373.9348333162841 -8.4082654363946
8 407.23833158347503 -8.881442675011586
9 392.12864828454326 -8.421606738048085
10 387.1303347780147 -8.550350856165053
11 362.0714896638581 -8.02726511999845
12 388.3472682287828 -8.701322132919397
13 355.14192765283246 -7.672568682756355
14 388.4530332381182 -8.305589221381101
15 391.7633365921352 -8.67981559878262
16 460.6507532757422 -10.130125742213137
17 429.71792716139873 -9.419746648534268
18 467.97811106257257 -9.037942748870618
19 431.1427901390268 -9.249413826902842
20 379.29038933209785 -8.520895410072526
21 499.1198600195072 -9.509081457022447
22 404.90449496359264 -8.267381256853843
23 447.05188410207256 -9.738543861928022
24 456.26530817337175 -9.291317710442948
25 436.4316279612683 -8.942776270265002
26 371.54314642042476 -7.874941922828425
27 472.43739320790786 -10.016577653882415
28 426.9475577549095 -9.138810573843138
29 464.14236194262736 -9.841980218522693
30 412.5003238909892 -8.709062251730955
31 360.08684463582614 -7.909020546845537
32 454.99110251430795 -9.845303029002391
33 405.11084961929515 -8.701275171010463
34 413.6567834659872 -8.553619756853578
35 404.9253570038782 -8.788451056776319
36 436.3749499951484 -9.351345899808942
37 435.72060835399907 -8.860729534784905
38 425.18583999689463 -8.609012747189754
39 437.11563755975374 -9.4510897312154
40 430.4120445263401 -9.069863638019218
41 402.6551589021003 -8.352317320481585
42 393.17332626722606 -8.597820273466104
43 393.4688311582601 -8.693670525929855
44 414.06258566157334 -8.748619910398087
45 415.14550054047675 -8.93331393030077
46 395.7634598177252 -8.258607901730322
47 461.0344781706702 -10.038483123078727
48 408.46818615508545 -9.010345816667785
49 444.87453269125814 -8.820340717801734
50 400.2296152257301 -8.45598844787028
51 381.84715798268246 -8.14139750633013
52 415.6028694675359 -8.47323190650356
53 435.9156006153965 -9.05461868219779
54 422.18355921603677 -8.869714488794747
55 425.1692037397997 -9.381089676672952
56 462.9797564565764 -9.184646744317549
57 413.17566444687117 -8.63957894726004
58 436.08749861325805 -9.234037284572002
59 442.4528082577969 -9.14301261302809
60 396.97646979566235 -8.464952787571612
61 420.6661103638895 -9.145877951298761
62 384.44171611505493 -8.759934786803928
63 426.5905410917507 -9.109080823567796
