0 504.921803980603 -11.233988800647024
1 455.6786665515345 -10.428271239453805
2 478.23206852602834 -11.504440666105607
3 450.30970674342313 -9.679116008900735
4 452.2426733274388 -10.433077414481064
5 504.13114868394314 -12.039053242832418
6 468.80347378765424 -10.152575523221701
7 526.7240007151809 -11.631601071098645
8 507.92178051501133 -11.38833595369749
9 497.28999549005414 -11.375017391677416
10 464.0984700017588 -10.626607427158648
11 473.24657282848756 -10.619506816971306
12 517.2929567816027 -11.67793958988368
13 472.70826192665874 -10.459645189445926
14 431.25466105583905 -10.08809060089651
15 476.49416076528155 -10.904449838339316
16 497.89834332747824 -11.32966577042733
17 424.4283030011422 -9.46485310935095
18 441.8168850520175 -10.320196008425185
19 604.3516966277577 -14.048946236609412
20 378.3376315089772 -7.88965769460657
21 526.3949974184045 -11.982907501989995
22 506.84442560661574 -11.580899932882796
23 559.1591711257638 -11.956108695790572
24 475.4707369132459 -10.65941692586646
25 543.8023724073078 -11.624130843256038
26 496.6894339759726 -11.390438100798448
27 496.94642128093494 -11.207544148293136
28 498.1800160565175 -11.559503650365972
29 471.1577176747248 -11.180412165160117
30 433.91891232062414 -9.79661526470825
31 519.5501016770525 -11.724846962620116
32 490.0510485430752 -11.473749315017963
33 561.8085741673949 -12.477657440344485
34 544.5185733833763 -12.149875654207792
35 499.17206456338175 -11.180434038163355
36 483.4668287671948 -10.867748062502725
37 473.4854296814397 -10.89303895781635
38 505.47172425400083 -11.517082610266522
39 459.21684193794385 -11.148925000326235
40 505.97435007094504 -10.574990320517625
41 592.7414743652197 -12.913147566308607
42 489.79569482255124 -11.314722524591382
43 446.67658443069723 -9.178262820452469
44 542.7743017969502 -12.336702207843826
45 438.7259222049991 -10.62579414040577
46 490.14058096467716 -11.246740859030112
47 509.2234930686527 -11.43587069376581
48 466.04156378724906 -10.61022254576028
49 457.70310938392817 -10.426108616382676
50 446.1685506018282 -10.337662138525637
51 519.519753766249 -11.690964698333827
52 546.1351897441391 -11.92049877117222
53 471.2709756402167 -10.682764164062423
54 424.6971799782701 -9.258281460337589
55 483.9810604016118 -11.48485082190526
56 449.89507313629343 -10.403033894695845
57 458.4339123700316 -10.50604653094187
58 535.5173406781631 -11.981153520208707
59 500.4311115705792 -11.592809211623983
60 472.73001110739267 -10.955991069417331
61 495.15937981809805 -11.451962913025323
62 547.3133757799363 -12.001498946014765
63 460.33921284845957 -10.402115681118133
