0 378.049644322 -7.31369660574
1 378.61366937 -8.22170377551
2 355.419482379 -6.84398661294
3 343.528135938 -6.57257937729
4 381.588322187 -7.25506665784
5 379.750967235 -7.2542520626
6 339.749865359 -6.48170324545
7 362.016196626 -6.75305196087
8 386.720231185 -7.31853201165
9 341.453923779 -6.68896302005
10 342.059775437 -6.66069454609
11 376.161511956 -7.23701881795
12 403.259329238 -8.01031621703
13 350.887581646 -6.71122691646
14 340.845009232 -6.386763175
15 381.017109638 -7.38941528869
16 362.220473027 -6.86132398132
17 333.130903144 -6.44839835499
18 393.233811584 -7.42584284864
19 361.252301865 -7.00584021826
20 331.508189179 -6.38732819037
21 397.118076364 -7.18586098363
22 328.145880664 -6.19079093926
23 384.525042184 -7.53033569464
24 335.359858423 -6.12013769024
25 370.937703612 -7.16865197452
26 408.910463716 -7.45566819629
27 368.318781793 -6.81600026927
28 355.571975563 -6.45356241859
29 410.91336404 -7.84622467035
30 None None
31 349.634245171 -6.59496664257
32 355.251144749 -6.86255120913
33 371.968879167 -6.97188193347
34 407.572018133 -7.77099479159
35 318.347860363 -6.27362894258
36 419.150278553 -7.74606817071
37 365.264958816 -7.0460465268
38 330.275774123 -6.32255296417
39 382.876380089 -7.41498324915
40 337.596662451 -6.60638754052
41 407.485545666 -7.57075072745
42 340.672133716 -6.25846084198
43 454.472556904 -8.04846924811
44 349.819339231 -6.707615375
45 379.069894728 -7.26281726315
46 361.853014023 -6.88967605668
47 399.827370221 -6.82747711427
48 374.806635624 -7.12648874046
49 372.039461219 -7.03137853549
50 329.487667888 -6.26615979897
51 335.885802383 -6.41511511923
52 403.060247551 -7.23423198775
53 417.266187489 -7.75912031665
54 376.947191515 -7.11197512001
55 385.363686201 -7.29861825293
56 347.778126399 -6.60001161543
57 381.035670584 -7.08885910308
58 361.64511571 -6.6145528777
59 354.043318955 -6.78087048851
60 401.455215295 -7.50663032318
61 376.289055871 -6.93129225288
62 378.207106387 -7.29920775331
63 338.745379444 -6.3055377229
