0 379.85600903 -7.21971268139
1 380.925206058 -8.24153020338
2 409.996012859 -7.77275280688
3 403.498882657 -7.71813225225
4 418.024104678 -7.74402534887
5 420.291631805 -8.41352963257
6 416.093380026 -8.03369459878
7 389.128294377 -7.47058083835
8 437.1351408 -8.09708179098
9 392.923201769 -7.53478651618
10 394.491533285 -7.53352655196
11 384.140300097 -7.60225744589
12 401.596617512 -8.09986464954
13 366.665264984 -6.90353704506
14 358.81030271 -6.96684534138
15 394.977806109 -7.67520092683
16 356.969728796 -6.87631962819
17 418.13119837 -7.89979422514
18 419.033403436 -7.91999260684
19 381.590568933 -7.55714839664
20 427.272984311 -8.48245571202
21 411.708593106 -7.82884053085
22 357.126598593 -6.89504835135
23 432.851332186 -8.39507958961
24 437.411842253 -8.46197366532
25 401.962864162 -7.80648180568
26 431.148431902 -8.14890575033
27 380.971206594 -7.46380694498
28 416.04518244 -7.81004023124
29 403.454835368 -7.91270654975
30 403.295480787 -7.64782246876
31 422.270828292 -8.08196507694
32 359.14453074 -6.92539894862
33 378.586018859 -7.21011588841
34 376.405958048 -7.21193590823
35 350.344247404 -6.82456838509
36 448.853465705 -8.27361453929
37 382.837249082 -7.39023447705
38 383.681122682 -7.85860470602
39 377.543454337 -7.39552869642
40 445.377831545 -8.72761520602
41 396.433833636 -7.67464082695
42 347.388320327 -6.93016264202
43 407.441764636 -7.90096741378
44 403.167473018 -7.75105256561
45 391.712521507 -7.64490630567
46 395.411387712 -7.36452541647
47 382.382587631 -7.35071025435
48 395.383373888 -7.62189136592
49 399.516523735 -7.62118538739
50 421.900760702 -7.83211025988
51 383.776560835 -7.10692310369
52 387.188438722 -7.34506016371
53 385.460706101 -7.76297024458
54 378.414174588 -7.17275154378
55 356.99719294 -6.90611015143
56 454.264957744 -8.25334604248
57 427.942775941 -8.04842034546
58 399.372569571 -7.735980757
59 393.722359923 -7.50909748701
60 438.431360916 -8.35478454932
61 396.823005808 -7.7395778458
62 382.59704382 -7.27598301138
63 384.646120549 -7.4731666392
