0 423.001760516 -8.24182762635
1 387.350243958 -8.25992902621
2 422.008205313 -8.05565793801
3 459.511488626 -8.86588827427
4 380.0428604 -7.65774223794
5 402.407822631 -7.75161866023
6 429.150750365 -8.48558342804
7 459.887028528 -8.86460700026
8 412.921532394 -8.06079699256
9 379.044069694 -7.48666860599
10 415.706350521 -7.9953383274
11 413.676698995 -7.8221828657
12 422.501029114 -8.69612214377
13 407.77667047 -7.94199188867
14 403.985321312 -7.79902122808
15 505.284029014 -9.72547130997
16 412.248067373 -8.00448746789
17 413.855179655 -7.84577529794
18 451.398261972 -8.09008152964
19 406.295644216 -7.88217952662
20 411.74063497 -8.18052813797
21 397.848167226 -7.5414852034
22 408.726785118 -7.83976333801
23 418.755079236 -7.85169723297
24 445.083038294 -8.65653209459
25 455.684013055 -8.54735432465
26 410.541261557 -7.62935424996
27 413.681600584 -8.00297201937
28 488.518027565 -9.05156049811
29 391.081537185 -7.72882172259
30 388.846802583 -7.65780311643
31 387.561618734 -7.32588032699
32 418.147101492 -7.67517328304
33 389.552070058 -7.62404273254
34 444.955229366 -8.26930986533
35 369.61388734 -7.20404942598
36 420.916107618 -7.97689554716
37 379.322066188 -7.53550136702
38 417.711314246 -8.05657126252
39 405.139137829 -7.77984868257
40 380.556376666 -7.19827811525
41 489.135286963 -9.43306751601
42 445.693070274 -8.66266666164
43 455.233510193 -8.88328975389
44 396.553743918 -7.45344231704
45 402.789110522 -7.57145232448
46 390.013545609 -7.63962810178
47 None None
48 385.327270516 -7.39526865662
49 431.864840383 -8.46803370796
50 445.855280724 -8.59629245255
51 420.717340157 -8.45263081069
52 431.827856528 -8.3291400685
53 440.470701936 -8.74304114191
54 378.554755812 -7.21100731147
55 451.830016266 -8.57357326261
56 396.106019955 -7.59360818313
57 406.626052676 -7.72835067779
58 460.453948255 -8.63629591749
59 434.655227356 -8.48899406147
60 415.92471079 -8.02861002092
61 428.442939975 -8.38166713042
62 415.784620256 -7.96261568609
63 401.489636845 -7.46138851063
