0 514.622857493 -9.52468371418
1 514.995779991 -11.1529813216
2 570.067307333 -11.2021531854
3 499.413299741 -9.92232186433
4 543.998063459 -10.6263517193
5 479.614431412 -9.47599083576
6 471.067207104 -9.16295511852
7 510.574427517 -10.2208265074
8 535.02501551 -10.3589840414
9 495.288847645 -9.69124871929
10 525.675165144 -10.4549104695
11 505.758291927 -9.88895756521
12 540.16354649 -11.069325303
13 529.360312672 -10.2426367099
14 574.631328868 -11.0275979067
15 477.912536945 -9.92813148085
16 570.277283943 -10.7758654168
17 527.394016046 -9.93840847614
18 540.786032585 -10.3461327648
19 537.580712259 -10.2840745719
20 556.278882627 -11.2133945054
21 514.283975941 -10.0065573664
22 464.196160277 -8.94040286113
23 563.151427646 -10.8797224182
24 516.780663994 -9.66376495448
25 491.998205056 -9.55057253204
26 516.077908831 -9.67324124158
27 511.945167328 -10.121938056
28 517.127788229 -9.86274963665
29 545.226296108 -10.3466555303
30 542.571210406 -10.4816533341
31 489.181387235 -9.26817516321
32 435.283446125 -8.43113651217
33 456.093118723 -8.83363010737
34 465.584863922 -8.95254334979
35 512.670108114 -10.0400616975
36 541.889650185 -10.211358845
37 507.19639147 -10.4149358571
38 454.876195843 -8.95876662266
39 480.192970416 -9.58732389797
40 487.461759595 -9.75522903891
41 487.699515521 -9.67651799148
42 487.32697252 -9.65942197477
43 543.898281176 -10.2530954222
44 506.985405026 -9.66942558831
45 475.480435096 -9.11599167169
46 553.852738361 -10.375437886
47 478.316603161 -9.22851487584
48 482.620834707 -9.35239091692
49 456.583151745 -8.89705091755
50 497.631786285 -9.85906223544
51 511.492352752 -9.8707560553
52 473.144815599 -9.24689081309
53 444.631000983 -8.94117213036
54 445.816124536 -8.84803208961
55 499.180805814 -9.63621474097
56 484.41174864 -9.52690663261
57 507.288629599 -9.85656836267
58 499.039643911 -9.87956804407
59 464.671142353 -9.23838412456
60 440.692494481 -8.69922372585
61 527.348756825 -10.1444867834
62 520.389067213 -10.0597882079
63 585.71260031 -11.1641088614
