0 460.40729541 -8.73503207964
1 473.506184601 -10.0098664971
2 439.623050082 -8.39703689754
3 436.343432603 -8.12023793661
4 467.100927731 -8.76029832837
5 486.456806017 -9.48128003921
6 409.474469679 -7.84355294898
7 458.219732788 -8.65921300948
8 438.513721815 -8.38022737786
9 484.017865548 -9.30141667609
10 495.715294708 -9.14206057992
11 498.005038953 -9.34593243928
12 432.310788546 -8.67595890109
13 506.054129756 -9.36700967564
14 514.368541816 -9.80853836768
15 465.372685998 -8.82706204253
16 495.514303101 -8.98026412152
17 499.692491539 -9.60947626424
18 517.929749405 -9.56740554468
19 545.735652448 -10.1428552131
20 436.914526314 -8.53934640338
21 483.951009927 -9.42947555898
22 463.667681841 -8.73163433917
23 462.022911692 -8.67707940493
24 463.545213728 -8.93374998231
25 447.30340888 -8.56580580194
26 496.34937718 -9.35892739005
27 444.718795095 -8.42431410625
28 478.70267047 -8.79479903037
29 457.574824843 -8.46606820917
30 522.005120027 -9.75207747443
31 462.125680339 -8.51964423976
32 411.932148263 -7.73940504012
33 485.914559504 -8.96902735597
34 465.398465305 -8.84541261732
35 435.385760477 -8.51555044006
36 452.414311868 -8.62841305331
37 501.91798702 -9.45100093931
38 396.671401749 -7.46845360556
39 469.890198243 -9.09924547912
40 427.172119876 -7.99660194487
41 481.717811215 -9.02160866369
42 466.514805921 -8.58740181778
43 497.563993885 -9.15423689226
44 487.7498991 -8.92069409483
45 453.585715178 -8.49205144041
46 479.401652203 -8.83695582637
47 502.900675439 -9.12762130135
48 394.894944613 -7.55237738753
49 478.654840898 -9.21847769714
50 503.934021505 -9.36230969515
51 464.276651152 -8.79339720345
52 441.336386669 -8.15535278843
53 500.675756409 -9.48028297412
54 483.436862531 -8.98688469994
55 460.665830412 -8.76549135471
56 490.877302973 -9.20905889369
57 537.506941228 -10.1522498207
58 485.006929304 -9.08300061581
59 445.560625346 -8.16459559797
60 485.131279191 -8.94025382668
61 471.635605276 -8.80013273425
62 488.231419662 -9.1403411395
63 465.839897091 -8.63261755913
