0 460.373495207 -8.65949007445
1 389.241227499 -8.09109007979
2 462.625166832 -8.51408712824
3 458.290131039 -8.59015192299
4 405.283372584 -7.77029210181
5 467.544311673 -8.77089503761
6 418.192512117 -7.55228342535
7 472.048740092 -8.75291036898
8 432.28132152 -8.14323058191
9 363.560791216 -7.07346818847
10 457.690899522 -8.54674863597
11 458.720806113 -8.15807304998
12 468.196675261 -8.74342416609
13 415.745845919 -7.51583423173
14 431.925716719 -8.15522581542
15 425.96482882 -8.21483026264
16 430.717728997 -7.86694116748
17 452.094006661 -8.49114989366
18 446.500627671 -7.83302264364
19 418.206998699 -7.93992643299
20 428.837188243 -8.21040745505
21 470.811799526 -8.8752650439
22 416.741651154 -7.6505157194
23 433.413478126 -8.238687178
24 451.065462521 -7.92775012862
25 447.907659166 -8.34493237683
26 444.539361467 -8.11370031457
27 438.916042421 -8.18351524487
28 398.402712914 -7.15126319126
29 426.393090815 -7.93602906244
30 396.469086281 -7.31902773713
31 475.834824918 -8.29687700653
32 429.324507273 -7.81519691691
33 492.084938279 -8.73741256849
34 489.04420112 -9.04239603281
35 440.558131292 -7.97952710042
36 419.771955935 -8.03980151561
37 525.272871523 -9.76530758522
38 420.646956417 -7.36733807417
39 426.769931427 -8.05180455103
40 473.636929276 -8.55374976752
41 476.206388253 -8.99713578717
42 430.440147516 -7.96632736549
43 490.409073004 -8.68998057017
44 447.53104246 -8.04706995242
45 439.350426421 -8.17536634005
46 487.973038038 -8.91485235087
47 453.122109217 -7.79864183799
48 439.815043731 -8.13931009118
49 474.758338009 -8.5196749063
50 434.710365185 -8.2520534035
51 470.760769668 -8.54413205442
52 None None
53 444.65355574 -8.15697876635
54 492.694467496 -9.08124527444
55 453.126964128 -8.38242055088
56 426.434113853 -7.56172561801
57 416.203257331 -7.68525490505
58 484.648430638 -8.47805228207
59 463.518318221 -8.54044895103
60 432.057435411 -7.69538654313
61 473.368461729 -8.59564961296
62 480.130468239 -8.66228751393
63 454.254798814 -8.46661822553
