0 474.046119956 -8.9170128424
1 465.751674393 -10.019560457
2 477.882252717 -9.48775158633
3 481.327082716 -9.50193048947
4 487.114822813 -9.54700314576
5 490.266059186 -9.4098584727
6 493.197136623 -9.58259812954
7 475.951386702 -9.49848072725
8 467.611006964 -8.95511819875
9 485.911815055 -9.47314636566
10 492.645335162 -9.59926899708
11 453.51602613 -8.90441334925
12 476.897280902 -9.7022564209
13 457.886862025 -9.05916429236
14 453.471535829 -8.77160436314
15 439.827916871 -8.58815497553
16 490.425918416 -9.35884378473
17 412.10957718 -8.20622747635
18 476.890420377 -9.12282323327
19 496.317285577 -9.47843572815
20 477.024689904 -9.57003822419
21 410.54018646 -8.08937952123
22 446.681107032 -8.72818825309
23 461.46593464 -8.97849049979
24 443.877745094 -8.65831422825
25 440.54456993 -8.69486735739
26 460.092158425 -8.84684020302
27 391.557213504 -7.66668245721
28 435.399366536 -8.4401073283
29 434.699849579 -8.39128633059
30 449.569527254 -8.65292312657
31 418.268325146 -8.07242841361
32 432.282682448 -8.27031627944
33 415.178713767 -8.09678451473
34 371.261206804 -7.33433311355
35 554.758392349 -10.5976145603
36 479.719872709 -9.26654013916
37 403.183949063 -8.10250929713
38 495.566017288 -9.58563980708
39 474.285065738 -9.26227309091
40 492.80903977 -9.56381868341
41 449.832589631 -8.44866170124
42 507.159132201 -9.3711039982
43 527.179566947 -9.79445888781
44 446.988522208 -8.66880351478
45 473.860720141 -9.41439304336
46 455.471020068 -8.83813590347
47 475.888835907 -9.40234937919
48 457.859464213 -8.77345995985
49 477.027614266 -9.37765391767
50 449.313407338 -8.74816267854
51 486.140384427 -9.52913840526
52 447.640030893 -8.42418878506
53 459.788326722 -9.08794531019
54 450.517361939 -9.02478980609
55 497.449762922 -9.62076932331
56 497.448809938 -9.31267827271
57 403.99625312 -7.99937691061
58 443.056088231 -8.48137802649
59 472.420118344 -9.12533560459
60 458.710753749 -9.08078136166
61 497.338810046 -9.70578388726
62 529.962129604 -10.1774961674
63 485.107950674 -9.14506615966
