0 492.926607388 -8.63693818523
1 422.567026212 -8.57729894636
2 461.844760344 -8.7437025032
3 483.009515944 -8.75230796167
4 469.212428985 -8.60545691652
5 498.20256066 -9.39587740023
6 455.911408572 -8.32029744913
7 490.88353334 -9.20363623174
8 476.153308835 -8.9697747228
9 422.000856027 -7.99861476806
10 489.183782154 -8.72683870767
11 502.126036071 -9.27442967378
12 456.702314849 -8.51985875027
13 455.891790415 -8.10224954604
14 477.975153696 -8.8357502115
15 489.395318059 -9.0264406193
16 480.980273648 -8.64208113642
17 487.520950693 -8.90721842504
18 452.110748427 -8.09756414418
19 424.561942925 -8.04775587707
20 449.616838597 -8.37819119437
21 466.637515026 -8.73388803937
22 472.373663266 -8.50438277732
23 510.733744672 -9.05792373622
24 504.18259872 -8.52829405244
25 439.637683376 -8.25744356231
26 442.863612473 -7.93980751694
27 431.866943815 -7.77757264978
28 454.035067046 -8.27286147414
29 446.386165033 -8.09820855894
30 478.853659153 -8.57781422091
31 448.251982345 -8.3445517433
32 476.141533274 -8.79626258415
33 472.050440063 -8.74095039113
34 466.708378416 -8.72507405634
35 434.083906168 -7.78705835138
36 517.934022712 -9.29719466243
37 456.269691625 -8.50447376686
38 425.249930468 -7.8904512864
39 529.563099292 -9.66069441546
40 478.01695494 -8.63781499157
41 521.25803085 -9.38106821076
42 421.038690811 -8.08018857272
43 491.114248168 -8.59145996225
44 423.858995138 -7.5967597893
45 487.571251707 -8.6260124572
46 472.294646483 -8.56185939741
47 476.670907087 -8.70086485017
48 492.819748672 -8.98963313246
49 485.989318815 -9.45824754999
50 449.767306187 -8.2694532055
51 441.351359423 -8.06085863014
52 430.912785874 -7.85882993454
53 503.039612527 -9.50221664691
54 486.107015461 -8.9130409911
55 504.395762197 -9.22834303712
56 484.421470312 -8.15071975442
57 403.773124544 -7.78817333246
58 467.394917298 -8.28327984195
59 432.508316334 -8.16480312177
60 487.755497515 -8.83808996546
61 441.711559498 -8.29369352782
62 467.816396879 -8.56933254674
63 490.615264868 -9.27471280168
