0 522.187185475339 -12.876742835791077
1 489.58753933649876 -12.009295178639496
2 505.2128418096139 -12.164253035715252
3 488.3164834041185 -12.228065420543334
4 528.70557194016 -12.353202026286688
5 539.92022480761 -13.043299469722067
6 488.3587427933117 -12.048712105729285
7 481.39807240587237 -11.212975361695802
8 460.4891336306391 -11.40556701981257
9 537.3717594208136 -13.141403968065749
10 464.6523620323227 -11.530637465049942
11 527.5315127126462 -12.384559120518887
12 481.4200479973029 -12.277573112144657
13 539.2770544348076 -13.148173266840773
14 523.7609610017499 -12.681704285014606
15 539.9491604964633 -13.10792525227925
16 532.3512154440317 -12.767283650751855
17 471.0619621278187 -11.446250502715682
18 523.0147559378021 -12.580335248647517
19 465.07046225270534 -11.371949006671997
20 542.9023592261649 -13.231708432304265
21 473.45532350116883 -11.3586920612007
22 551.9198520410727 -13.021387485170449
23 495.5835054994525 -11.926732066042552
24 508.750968924874 -12.09352337230269
25 518.7701893376211 -12.295777392296799
26 526.2929374538058 -12.59355874696771
27 572.7009495025904 -13.729444833241232
28 506.86782045050484 -12.285514031377986
29 447.3591206919605 -10.68911801721612
30 494.80501210805494 -11.753873528625991
31 508.00632887064654 -12.322421302256977
32 590.7619666342057 -14.505614503577988
33 492.3021793717219 -12.071304457845782
34 556.0671827286167 -13.635412412013947
35 465.34985942812693 -11.414871162482989
36 537.2545899222864 -12.478600391538585
37 520.2634612005121 -12.56036180405219
38 600.0364375265136 -14.288419321754965
39 510.5711359326388 -12.496325202426561
40 424.22475649201397 -10.047411803299896
41 552.0417285394748 -13.011857856460095
42 488.69493590902977 -11.868410114523408
43 503.0463277997005 -12.23171317672518
44 528.5351334074119 -12.840871438189177
45 545.9440466832226 -12.610635082986557
46 493.7002682926873 -11.551242141818328
47 500.6059349937468 -12.379907252021708
48 446.6221448174664 -10.634816937172154
49 513.5807544986773 -12.284661313852762
50 516.7597194302977 -12.3223747569533
51 524.2651765608587 -12.337160637895037
52 493.7599758974782 -11.992122313985611
53 468.3686643303337 -11.416247746864945
54 561.9042665781448 -13.701037163057988
55 578.4570263684594 -13.287222399174441
56 544.7843070652646 -12.761018413861732
57 543.8404354108284 -12.959976470937695
58 481.8415541542572 -11.553872625823319
59 447.4629517810428 -10.746430452215064
60 574.5146825046703 -13.915632139836308
61 477.5192598964131 -10.968413068153328
62 510.5404761001574 -11.757380983781458
63 497.93473951076214 -11.68237171336323
