0 609.0196926172047 -13.198689945428956
1 566.9075465639179 -13.069770494460288
2 649.399468582032 -13.786068556957206
3 702.9751249304136 -14.666328812684213
4 629.4799828626768 -13.051136717983873
5 613.7461410557933 -12.808037089614029
6 646.4813773728115 -13.804374594554286
7 637.7499966104697 -13.654147923222247
8 598.6846076719982 -12.690549618021299
9 703.0672875899822 -15.07112209005049
10 584.7169656848419 -12.42075956515315
11 599.571309705912 -12.841749829320246
12 617.9710196361448 -13.663500677113868
13 707.7079778071914 -15.093107504960162
14 652.3546929750329 -13.601672767113453
15 557.1003463590844 -12.283728811615395
16 665.8774723891088 -13.786867833247992
17 632.2531935317216 -13.243095585263006
18 594.7980636511966 -12.61655430768351
19 627.3218814309174 -13.332878201554285
20 682.2175631889661 -14.671460160246294
21 655.6275284793113 -13.745733429961554
22 593.4324403851994 -12.398151036356477
23 538.1421595942902 -11.111416255258511
24 718.5023358016213 -15.354310846928351
25 684.8012126735204 -14.634270530569646
26 611.2727007918775 -12.82610325278351
27 648.2855511178834 -13.587518964224731
28 561.4273835430097 -12.118992758681829
29 590.7758013456494 -12.7048247726849
30 522.3087124281295 -11.18540064369772
31 603.1192948285296 -12.57339645430218
32 649.5193841506172 -13.611298101983081
33 617.3873455038392 -12.82160930374334
34 595.0250116270718 -12.788430487406131
35 601.9879440849792 -12.708673892822711
36 717.8101034342258 -14.153463756522713
37 601.4341166213649 -12.36719081930198
38 619.3165253283706 -13.096872759290981
39 603.9244322458023 -12.71090869976512
40 577.0502260014641 -12.30834056250218
41 602.3504230777585 -12.371279927567711
42 544.0895934076626 -11.675889042772791
43 543.6072445814407 -11.437884978306831
44 690.74045966252 -14.268498559077852
45 644.8808514942325 -13.390367972048741
46 652.3796154302016 -13.128294651787007
47 592.6990600079924 -12.654718864788428
48 676.2935961740241 -14.261845958316558
49 597.0101785430128 -12.606573244096799
50 625.0295747155915 -12.448619819490027
51 629.3186225040903 -13.471956344726117
52 569.1573691763859 -12.212136337497595
53 586.9070585505624 -12.396528120533521
54 614.6177425499509 -12.529099449217668
55 551.9081102569711 -11.46108725000804
56 661.091026440518 -13.726934685155399
57 629.760408924143 -13.369803233219288
58 659.6482490393099 -14.114995365161185
59 574.2898634448168 -12.294535446688405
60 491.56619541735813 -10.54063825102318
61 710.8880008222671 -15.201827645743826
62 631.2717393370501 -12.542790528111855
63 621.0481742353095 -12.88563191469702
