0 589.5500922559819 -12.600897958756226
1 607.5959177908054 -14.325935016419553
2 573.2461463940873 -12.221845293760438
3 562.8935832802831 -12.064779683826318
4 576.2592886435017 -12.146972665867983
5 609.266960984341 -12.354114127602852
6 622.6476934257273 -12.984730937287505
7 692.1996876240198 -14.594457966995451
8 576.8013707742136 -12.37585738831843
9 682.9788160505478 -14.285732837925767
10 588.2659133853803 -12.321160601991433
11 591.9020096300064 -12.677894521628408
12 670.0024251594739 -15.017370067965253
13 596.364108405369 -12.87955672204539
14 607.2129985711729 -12.505078607602753
15 530.3798007716542 -11.53371121804272
16 573.9370548616548 -12.043515543626857
17 522.6364057656557 -10.937505158742594
18 684.5897677491189 -14.095171496904756
19 680.2210150374577 -14.255258260162806
20 647.708436135834 -13.834058918543008
21 631.927291450254 -13.201638196701198
22 598.423660372782 -12.372310486660037
23 627.8947257840599 -13.240072214266709
24 581.8442633128856 -11.9965916072089
25 694.0077142591224 -14.476016060492157
26 567.3655679140431 -12.29401626621
27 525.7801144725029 -11.53296319691651
28 658.4817910331803 -13.796214936850758
29 555.0810439105309 -11.839784502212089
30 599.3710682442376 -12.564219485790272
31 659.0833125369213 -13.775886314002056
32 622.075982930932 -12.89385113664855
33 609.981483562348 -12.844797323565345
34 684.8385541549958 -14.118181928430745
35 562.300580853007 -11.948996823315335
36 570.0198275443627 -11.939298149495334
37 589.6370276420538 -12.432382884150124
38 578.147721236525 -12.412955291631562
39 645.582362337167 -13.555888626696156
40 612.8376952006797 -12.935002415079131
41 568.6994024271154 -11.854545198851634
42 699.6230908705755 -14.48396507887988
43 657.3881226236788 -14.295327042436718
44 596.7331326208075 -12.095713902625715
45 502.57798905866673 -10.890624818895743
46 710.5425085822989 -14.687192746812766
47 604.041697879305 -12.366263815471052
48 568.3883742417564 -11.578515944517031
49 571.691828001464 -12.417043695383207
50 607.5260811996629 -12.74582606872984
51 543.8304500020128 -11.434768378587028
52 537.4592884033989 -11.101158040880867
53 564.4920229274437 -11.933185527346577
54 575.3980765319425 -12.325790740249504
55 574.334177348584 -12.108440599674775
56 581.421014277653 -12.054259181754983
57 605.7234277296952 -12.567410915459504
58 663.7138656507034 -13.666669744836806
59 575.4103376425161 -12.237720543319284
60 559.7819130189181 -12.098949768654627
61 610.9517949027693 -12.81859192632459
62 607.3430184148224 -12.074224253372968
63 580.4170783604234 -12.028034914464003
