0 564.2364061836985 -12.27374315868548
1 485.09472646476456 -11.543724099858979
2 537.8649268841145 -11.82596091339819
3 513.7162389150632 -11.442138006343962
4 578.1433880291463 -12.526170734286756
5 555.7909783293223 -11.859084976438242
6 500.8613229338289 -11.302400536017664
7 584.9197804694279 -12.226619953747873
8 473.3724484842546 -10.459181951484773
9 535.6893433847156 -11.68124430485067
10 522.2745272894439 -11.077872238569137
11 608.9465281893885 -12.449661550501201
12 538.7887908390974 -12.22258121573589
13 541.8000633043822 -11.951036381307167
14 486.71373674419164 -10.521772172168259
15 615.0241675085479 -13.225671920963793
16 540.9532861669023 -11.54480079942297
17 521.1743036071575 -11.797957954676066
18 537.2940195638027 -11.598940800796562
19 520.4183025074099 -11.147094075836453
20 551.8065414672117 -12.076005985928457
21 538.2721605434219 -11.829988295896642
22 520.7216844705754 -11.212003766151186
23 428.9689353829542 -9.442079296274411
24 466.1867647939138 -10.03918534050368
25 466.55107110595486 -10.081497300009637
26 568.1095117973729 -12.006277719820481
27 545.0243097265203 -11.662520128484314
28 544.2408506374069 -11.468900055374208
29 543.0427331003334 -11.472425939350144
30 578.7061649262888 -11.644255222441865
31 612.1543184086294 -13.334832023417313
32 533.9442462293393 -11.544051056309987
33 522.5244558575066 -10.843045372220411
34 511.0905562212806 -11.272269205863175
35 486.3134928307649 -10.213972954331245
36 524.7854687744516 -11.072859016370854
37 534.9391221110583 -11.593510722343625
38 481.32349682171093 -9.897616718413726
39 507.6724271506188 -11.171187560287189
40 557.5302837861259 -12.154974326484938
41 668.4812153242264 -14.333299291340017
42 656.5015215228685 -13.712882629593274
43 597.0025307575131 -12.628779985738744
44 564.3347779809388 -11.588285513130202
45 473.5525331198048 -10.46805589725418
46 574.0844161297439 -12.541053105930356
47 441.8870717697669 -9.725912118328706
48 524.4732513499735 -11.347364212952268
49 569.2724203075361 -12.359257442382194
50 456.8103792419955 -10.192634054935485
51 622.4427228160416 -12.941476866563844
52 551.8096623501721 -11.410969236555182
53 510.29503345300947 -11.14392033587586
54 525.6413461170696 -11.383419910266278
55 555.3018181973127 -11.896340753040116
56 545.861943193431 -11.215306263512305
57 563.4722652065967 -11.93979672382738
58 573.4523375721284 -12.50453983960319
59 619.336231164892 -12.892435684031636
60 535.0792870771671 -11.786478572842546
61 616.7330202368272 -13.166126811492605
62 549.6786199382182 -11.48189895884637
63 616.211913130401 -12.776616554641922
