0 460.1618137327791 -9.506384449282178
1 419.3318259653273 -10.01006357372916
2 504.0266335211617 -10.869468276229663
3 451.91210475979216 -9.672393637532691
4 446.1342647680837 -9.315420904521572
5 452.4509018351756 -9.770334006937368
6 433.2456515888877 -9.119636174847367
7 452.86038587034983 -9.907777869612374
8 445.3282676649378 -9.488652157886122
9 450.287488208833 -9.786282334838234
10 454.300067097604 -9.725555753810928
11 404.0477850206565 -8.655334685468619
12 456.7289293649055 -10.250732226911248
13 404.2104043968003 -8.876849324976416
14 393.09502626756193 -8.69524409763288
15 472.3286617527308 -10.177230946595245
16 459.42785383706257 -9.77321298242045
17 404.54827309132287 -8.631020840948537
18 414.53148076348793 -8.764630994736638
19 449.64246722385377 -9.69957856231222
20 461.5359472964736 -10.044572562814894
21 424.4841537926404 -9.216614979836967
22 465.80608498752184 -9.696377283701962
23 425.8098104053771 -9.096247992844502
24 385.0376837678352 -8.161091691511727
25 434.6315937512243 -9.15990972278811
26 446.8034588000736 -9.362071718157155
27 429.2310025871695 -9.513240815451327
28 420.4324076178224 -9.069496090178877
29 478.2565126365513 -10.318704060622338
30 383.52559953334384 -8.170014013038758
31 475.8118266268437 -10.040169083741654
32 370.2887801305785 -7.887657537254693
33 471.9483490116633 -10.379784670353235
34 409.88086608299966 -8.585703141868716
35 428.44593585325345 -9.185609092338623
36 502.90029008974165 -10.725605533371521
37 471.4176723853787 -10.530804735121029
38 425.01379406631327 -8.841050407780887
39 432.47194370627096 -9.146423349580203
40 476.9862148630253 -10.240197444731344
41 430.519342110235 -9.382603027288678
42 411.8852908979355 -8.882259706958987
43 351.74206036518774 -7.613714833195763
44 481.50676531628716 -10.236357308353504
45 501.717360312276 -10.582702575295151
46 416.4049311795348 -8.791580367693848
47 428.6586828261791 -9.313071690029231
48 439.7866878695069 -9.268053460198633
49 450.7238261551426 -9.4519640430121
50 484.4040418685489 -9.82061742489216
51 429.809781891448 -9.42328737680967
52 492.5587075802819 -10.33714149264196
53 457.4754085241241 -10.10503142181066
54 437.256048949955 -9.389598883574335
55 455.01170464215147 -9.9135212468296
56 459.1736138402399 -9.725437631316185
57 440.0754099005142 -9.486757372890509
58 534.724927487277 -10.785752815456679
59 417.40525349272286 -8.869655313234265
60 459.1832630779407 -9.720516311130043
61 502.297592159709 -10.440729608526306
62 424.18722646000595 -9.036897050723406
63 473.53170191631347 -9.816434564570534
