0 594.9416639557031 -12.28682795355237
1 529.7523185143461 -12.480367661138448
2 517.9599691381038 -11.223168867526068
3 395.1635514346515 -8.501861603207956
4 538.8019417325079 -11.237520073789
5 491.5540903037464 -10.8164882543104
6 555.6260396039462 -11.485102062509998
7 495.92903321620116 -10.477100261947868
8 522.5128700927595 -11.218106875696611
9 461.6117714296169 -9.998859886262021
10 557.4030154122996 -11.74079330172506
11 524.6366271035101 -10.85203345873552
12 527.3832645481729 -11.427574847232886
13 536.849173516342 -11.327280363566036
14 466.0938311894215 -9.881846073509518
15 505.37030263579265 -10.509609846201364
16 451.6891655012702 -9.506864543869925
17 471.5554098979423 -9.8977725226445
18 487.4910648161396 -9.944842076155034
19 471.02119224918965 -9.852807921961718
20 529.6544590895711 -10.977154662906694
21 516.1988182141106 -11.28927553600206
22 514.5437106274217 -10.657992724336061
23 496.7008045304 -10.41211420738492
24 487.50090501114454 -10.14578376160274
25 544.8592594680125 -11.498521949545971
26 517.8033252972191 -10.493889114477694
27 552.4701322954634 -11.453434873760706
28 537.5302979706391 -11.061997529934038
29 561.4698318545951 -11.357814789549256
30 560.4867829937422 -11.61672086015777
31 514.6371631619455 -10.928159841325314
32 614.6988120122418 -12.56787412629428
33 533.8657649578669 -11.33917253948029
34 499.67938562314873 -10.49941407092217
35 586.1240326303969 -12.815947345712363
36 546.3894659189423 -11.373398881440227
37 528.5318343342636 -11.053328193432385
38 402.48621498815976 -8.52015794652442
39 492.69049021078774 -10.13753034364922
40 594.1086293443468 -12.259808426396955
41 478.3686757743643 -9.979386112475872
42 594.3062516050601 -12.478732310166096
43 501.56182576776115 -10.780628768226254
44 500.7200147671065 -10.484256028615313
45 559.0031717135255 -11.587946833377348
46 557.8906784570062 -11.195784132728749
47 522.7004915978855 -11.095548493426943
48 548.5200807310704 -11.440634791762072
49 519.7829517980665 -10.89455131553676
50 559.1705557579629 -11.929834464711277
51 455.194963259649 -9.739701262714092
52 486.15234298262516 -10.135916275150409
53 488.4448002460337 -10.082116458116479
54 483.00790819607084 -9.577482617278854
55 462.2758338113871 -9.532986775110016
56 521.5294349899316 -10.965716904559565
57 605.4194668495697 -12.293262912169496
58 530.7634661748992 -11.077238939122495
59 581.7933370906351 -11.872517318500991
60 519.7523131283758 -10.644682110038293
61 520.507845679464 -10.462191940400924
62 534.3911183984325 -11.43394711176136
63 562.3456796692752 -11.499631650488462
