0 487.45197758860803 -103.8658144288744
1 515.1091060270501 -122.43492560444022
2 418.6492337713069 -90.78771884041797
3 490.16425857559943 -107.90185340200415
4 487.4652405735734 -101.1852898006361
5 535.1007046246234 -109.54936069811508
6 468.98745197147485 -96.27331463119484
7 583.0068215693507 -118.65334669239539
8 466.371395301488 -103.73846275215763
9 494.6803910312768 -102.90974815385411
10 491.13598675253735 -107.72471311326387
11 424.99544611532883 -97.18622762817927
12 478.88164708576164 -110.89693762664537
13 511.908641822443 -105.52284763992284
14 470.0717473222242 -103.90307864124348
15 437.78061489575225 -91.73858865140959
16 537.2573811773505 -98.85702549511937
17 460.197670628857 -102.99290842312307
18 464.51696908975225 -102.93449106166072
19 505.1589489972989 -110.6138976581727
20 423.962026262484 -93.42772266755343
21 422.2413941739928 -93.90498511085792
22 499.4961694101703 -108.97469971498461
23 451.96441322363813 -100.5728414196945
24 574.8803438918286 -120.05294689147556
25 468.06295011008416 -102.79953349246918
26 454.8822667996507 -98.54352862874914
27 467.5419607470355 -102.01357594340408
28 487.55172576036716 -100.92496408358295
29 456.3169485886622 -100.47832273471053
30 545.6517480084157 -118.12168090268139
31 458.91566702119184 -101.75908839051336
32 425.8006259578653 -95.9042590923657
33 442.31962559624037 -94.84795580797619
34 466.9536781853238 -99.28616175930125
35 461.59716728406596 -98.90316198672409
36 423.59762721904275 -93.07834703947212
37 484.05654246938366 -108.1178428328993
38 468.2791836458369 -102.84441052049081
39 402.10326152836865 -86.27447187452962
40 444.9604993834054 -96.67306994846285
41 486.8168912340794 -98.68945114033038
42 546.6289592963989 -112.61422756725553
43 507.4131840751949 -108.83082158500437
44 501.9775480034056 -106.3762468213158
45 442.5762016965158 -98.66808497869228
46 491.74341626544094 -101.90291008720729
47 464.3155976052514 -100.31839365838412
48 393.7993243151214 -87.79028809518165
49 504.63999508482266 -109.32558396992562
50 502.1141552466475 -110.42527693972897
51 437.6472249895433 -96.11026948476152
52 431.72237893080825 -96.54700211187401
53 433.4214044075825 -96.27821235662935
54 425.3609551592771 -96.35537134251972
55 420.1578510120423 -90.03202388114745
56 499.97900942447734 -113.38163989414022
57 433.82374255868433 -92.99935582448266
58 463.09716798956845 -96.38506388658048
59 443.42188969723026 -98.26176716283341
60 474.6396697497163 -99.58051997567608
61 455.60874917266926 -102.054913769967
62 467.52353372152567 -96.53372345629442
63 394.644755682616 -87.51177392865074
